$MeshFormat
2.2 0 8
$EndMeshFormat
$Nodes
923
1 0 0 0
2 1 1 1
3 1 1 -1
4 1 -1 -1
5 1 -1 1
6 -1 1 1
7 -1 1 -1
8 -1 -1 -1
9 -1 -1 1
10 0.8000000000005548 1 -1
11 0.6000000000011097 1 -1
12 0.4000000000016644 1 -1
13 0.2000000000022192 1 -1
14 2.752242878045763e-12 1 -1
15 -0.1999999999977808 1 -1
16 -0.3999999999983355 1 -1
17 -0.5999999999988903 1 -1
18 -0.7999999999994454 1 -1
19 -1 0.8000000000005548 -1
20 -1 0.6000000000011097 -1
21 -1 0.4000000000016644 -1
22 -1 0.2000000000022192 -1
23 -1 2.752242878045763e-12 -1
24 -1 -0.1999999999977808 -1
25 -1 -0.3999999999983355 -1
26 -1 -0.5999999999988903 -1
27 -1 -0.7999999999994454 -1
28 -0.8000000000005548 -1 -1
29 -0.6000000000011097 -1 -1
30 -0.4000000000016644 -1 -1
31 -0.2000000000022192 -1 -1
32 -2.752242878045763e-12 -1 -1
33 0.1999999999977808 -1 -1
34 0.3999999999983355 -1 -1
35 0.5999999999988903 -1 -1
36 0.7999999999994454 -1 -1
37 1 -0.8000000000005548 -1
38 1 -0.6000000000011097 -1
39 1 -0.4000000000016644 -1
40 1 -0.2000000000022192 -1
41 1 -2.752242878045763e-12 -1
42 1 0.1999999999977808 -1
43 1 0.3999999999983355 -1
44 1 0.5999999999988903 -1
45 1 0.7999999999994454 -1
46 1 1 -0.8000000000005548
47 1 1 -0.6000000000011097
48 1 1 -0.4000000000016644
49 1 1 -0.2000000000022192
50 1 1 -2.752242878045763e-12
51 1 1 0.1999999999977808
52 1 1 0.3999999999983355
53 1 1 0.5999999999988903
54 1 1 0.7999999999994454
55 0.8000000000005548 1 1
56 0.6000000000011097 1 1
57 0.4000000000016644 1 1
58 0.2000000000022192 1 1
59 2.752242878045763e-12 1 1
60 -0.1999999999977808 1 1
61 -0.3999999999983355 1 1
62 -0.5999999999988903 1 1
63 -0.7999999999994454 1 1
64 -1 1 0.8000000000005548
65 -1 1 0.6000000000011097
66 -1 1 0.4000000000016644
67 -1 1 0.2000000000022192
68 -1 1 2.752242878045763e-12
69 -1 1 -0.1999999999977808
70 -1 1 -0.3999999999983355
71 -1 1 -0.5999999999988903
72 -1 1 -0.7999999999994454
73 -1 -0.8000000000005548 1
74 -1 -0.6000000000011097 1
75 -1 -0.4000000000016644 1
76 -1 -0.2000000000022192 1
77 -1 -2.752242878045763e-12 1
78 -1 0.1999999999977808 1
79 -1 0.3999999999983355 1
80 -1 0.5999999999988903 1
81 -1 0.7999999999994454 1
82 -1 -1 -0.8000000000005548
83 -1 -1 -0.6000000000011097
84 -1 -1 -0.4000000000016644
85 -1 -1 -0.2000000000022192
86 -1 -1 -2.752242878045763e-12
87 -1 -1 0.1999999999977808
88 -1 -1 0.3999999999983355
89 -1 -1 0.5999999999988903
90 -1 -1 0.7999999999994454
91 -0.8000000000005548 -1 1
92 -0.6000000000011097 -1 1
93 -0.4000000000016644 -1 1
94 -0.2000000000022192 -1 1
95 -2.752242878045763e-12 -1 1
96 0.1999999999977808 -1 1
97 0.3999999999983355 -1 1
98 0.5999999999988903 -1 1
99 0.7999999999994454 -1 1
100 1 -0.8000000000005548 1
101 1 -0.6000000000011097 1
102 1 -0.4000000000016644 1
103 1 -0.2000000000022192 1
104 1 -2.752242878045763e-12 1
105 1 0.1999999999977808 1
106 1 0.3999999999983355 1
107 1 0.5999999999988903 1
108 1 0.7999999999994454 1
109 1 -1 0.8000000000005548
110 1 -1 0.6000000000011097
111 1 -1 0.4000000000016644
112 1 -1 0.2000000000022192
113 1 -1 2.752242878045763e-12
114 1 -1 -0.1999999999977808
115 1 -1 -0.3999999999983355
116 1 -1 -0.5999999999988903
117 1 -1 -0.7999999999994454
118 -7.016609515630989e-14 -0.02525390625134283 1
119 -0.4618874157244543 0.3601411793899981 1
120 0.45358924386246 0.3977490931906336 1
121 -0.3943011439742122 -0.4466149274565406 1
122 0.3562006659975078 -0.4539167684049184 1
123 -0.4438335644969712 0.6607619552882665 1
124 0.3989246708931398 0.6260555711353746 1
125 -0.6271740783914583 -0.3995394114066777 1
126 0.6622026249312351 -0.4452742341425784 1
127 0.5811479676890565 0.6398252293447433 1
128 -0.6662795864187783 0.5681754363432945 1
129 -0.6399989294721394 -0.5812586969720324 1
130 0.5683555200486967 -0.6664596701258472 1
131 0.7837459202386876 0.6162691471417965 1
132 -0.6371932470685655 0.7661797343636914 1
133 -0.6162691471439146 -0.7837459202386912 1
134 0.7663376790754712 -0.6373511917822665 1
135 0.7296291657490479 0.8390113593056765 1
136 -0.8390113593065676 -0.7296291657490488 1
137 0.905158460958313 0.8267667465505402 0.9999999999999998
138 -0.8924884242867599 0.8071129459373068 0.9999999999999998
139 -0.8267667465515006 -0.9051584609583128 1
140 0.8071129459373073 -0.8924884242873536 1
141 -8.355654654595976e-05 0.4238750613828574 1
142 -0.4697390234376202 -0.04478372396000332 1
143 -1.252775660987027e-12 -0.4914619140634036 1
144 0.4698556305802371 -0.04495083705524117 1
145 -0.2248814067161553 0.6345756894209758 1
146 0.2063331672718151 0.6315742244472475 1
147 -0.6278526216901585 -0.2025176502918218 1
148 0.6307107157287408 -0.2209728400740365 1
149 -0.6618766495915197 0.4050973368898528 1
150 -0.4335813409563138 -0.6321484244290672 1
151 0.4050127861087415 -0.6611204098236144 1
152 0.632750168116144 0.4335848616358082 1
153 -0.4877487968637169 -0.7433278363090543 1
154 0.7434260391898631 0.4877147609723581 1
155 -0.7282130405731804 0.1507704239533278 1
156 -0.1605857483011051 -0.7349736678009808 1
157 0.1591356025249355 -0.7365782191453238 1
158 0.7266084892292213 0.1522205697259267 1
159 -0.2303046874995597 0.1839765624986156 1
160 0.2303046875004402 0.1839765624986156 1
161 -0.2187100062785459 -0.2622599714019369 1
162 0.2139474465304192 -0.2631727015204843 1
163 0.2615360041421339 0.7813925210211175 1
164 -0.7815659019212186 -0.2615898488488697 1
165 -0.7993540177540774 0.6834640588686551 1
166 0.6835306308937001 -0.799416858174683 1
167 0.6329065887103578 0.7659392103501359 0.9999999999999998
168 -0.7659847941265021 -0.6329395783169567 1
169 -0.833199983288595 0.3952495384602436 1
170 0.3952654606143025 -0.8331039572787286 1
171 -0.421807758509587 -0.8796916295894128 1
172 0.8797079967362053 0.4218020858583208 1
173 0.3899763492079758 0.8258040595233561 0.9999999999999996
174 -0.8260209345242304 -0.3901932242080053 1
175 -0.4604231165756434 0.8354492837076717 1
176 0.8357948778315046 -0.4607674651893474 1
177 -0.2982063012974667 0.8115151729214146 1
178 0.8128908539785886 -0.2980725991655844 1
179 -0.8597667174922905 0.5293778067338839 1
180 0.529430322310785 -0.8597960971158518 1
181 0.5756962365799982 0.8856800561457208 1
182 -0.8857077260536759 -0.5757181341601065 1
183 -0.7481729971969908 0.8454216106049155 0.9999999999999998
184 0.8454319011023685 -0.7481832876958237 1
185 0.5159454284378104 0.8234497110727914 1
186 -0.8235424768353093 -0.516021926731753 1
187 -0.5127783689489659 -0.9173853463851471 1
188 0.917385346385145 0.5127783689462701 1
189 -0.7205118132507733 -0.854633386736513 1
190 0.8546333867365121 0.7205118132492259 0.9999999999999998
191 -0.005222200743329188 0.6285532623678902 1
192 -0.7309735265287181 -0.009614540520153522 1
193 0.7312358948727944 -0.01216319901812568 1
194 -0.000181268223477582 -0.7421267251264565 1
195 -0.000595319969002972 -0.2567548897802463 1
196 -0.229367540676416 0.4025591140413289 1
197 0.2258237370323495 0.4067683130018351 1
198 -0.2267055427770153 -0.03316512989004436 1
199 0.2261247987013376 -0.03330011029176744 1
200 -1.044456797649751e-05 0.1930581131404434 1
201 -0.4248212731886152 -0.2407064187827661 1
202 0.418250955192863 -0.2452906398369876 1
203 0.09019641820077594 0.8107766501207165 1
204 -0.1063522484252006 0.8142367958051661 1
205 -0.8280784100280189 -0.1347444079331634 1
206 0.8306358706666273 -0.1433754367255373 1
207 -0.3278039407723991 -0.765190259688225 1
208 0.7633732613786584 0.3258615255314141 1
209 -0.4719889193416789 0.165155438046932 1
210 0.470765654834218 0.1700168063566818 1
211 -0.5185372793111112 -0.3223446019844516 1
212 0.5180542644786845 -0.3860646890089334 1
213 -0.7642073096905555 0.282192834859899 1
214 0.2845027698488614 -0.7663605172497001 1
215 0.3211677047649411 0.5155368004437726 1
216 -0.3849677780396015 0.5161888597367113 1
217 -0.1746936417584376 -0.5035225909964989 1
218 0.168363186971095 -0.5049253227695374 1
219 -0.5237689988542651 0.5020729535296247 1
220 0.501965172312973 -0.5225671543011783 1
221 -0.2981931631524935 -0.6164899740742622 1
222 0.2746430022902282 -0.6245802474786188 1
223 -0.6176346669842775 0.2726714426280022 1
224 0.6094173634841406 0.295886571288093 1
225 -0.3349939614204491 -0.1452288110086877 1
226 0.3320447077512143 -0.1466785721761201 1
227 -0.6002286274702995 0.06538189938002591 1
228 0.5996164173791176 0.0662808350023103 1
229 -0.1149415573226245 0.3008672127658115 1
230 0.1140086058545669 0.3019195125059381 1
231 -0.09849974200180961 -0.3784998415605216 1
232 0.09542882838281463 -0.3790787070334178 1
233 -0.1142071478829967 0.5343934140985187 1
234 -0.3496845432639686 0.06779578667387498 1
235 0.349262692904058 0.06893560537707216 1
236 0.1073943150411873 0.5346953475952132 1
237 0.5166030126401998 0.5243036888266399 1
238 -0.523763873198531 -0.5148903650660794 1
239 -0.8647966417754747 0.08528897085705058 1
240 0.8644610960255039 0.08501434267570751 1
241 -0.1115027172561587 -0.1443584743308926 1
242 0.1098692313156708 -0.1446204019609603 1
243 -0.0901917541323885 -0.8692750982318593 1
244 0.08973858357412157 -0.8696762360679451 1
245 -0.1142551687111555 0.07965390987441803 1
246 0.1141047604084329 0.07962016477398715 1
247 -0.540484457521881 0.7123144538855608 1
248 0.7127900633688 -0.5409600670074726 1
249 -0.08386516457106819 -0.6180212244968351 1
250 0.08182938031782494 -0.6187730452761804 1
251 -0.3483871408105272 0.2779580734942186 1
252 0.3451208308073669 0.2896276937619416 1
253 0.9121714329525231 -0.339710016089704 1
254 -0.3396573544673067 0.9117411141572716 1
255 -1 -5.551115123125783e-17 0
256 -1 0.4490759201902563 -0.3525160677832353
257 -1 -0.3525160677832355 -0.4490759201902563
258 -1 0.3525160677832352 0.449075920190256
259 -1 -0.4423791852686986 0.3910771205347286
260 -1 0.4533846220251239 -0.6667842041659371
261 -1 -0.6622026249312353 -0.445177359142489
262 -0.9999999999999998 0.6624880343598074 0.445265365809155
263 -1 -0.3988259720464165 0.6267135036132205
264 -1 0.6774244152502311 -0.5442656105147037
265 -1 -0.5683555200486967 -0.6664475607508047
266 -1 0.5700906156320347 0.6668399770603273
267 -1 -0.5793835250728043 0.6395378559089715
268 -1 0.6109680043644037 -0.7034629066434481
269 -1 -0.7663376790754712 -0.6373405711003801
270 -1 0.7563101736966584 0.6600539482140291
271 -1 -0.7781567202387031 0.6145637071417954
272 -1 0.7319288686551135 -0.7531829635992533
273 -1 0.7305219926873003 0.8381474834115263
274 -1 -0.6995959154971715 0.8294624852655333
275 -1 0.7958903537184939 -0.8783280487685994
276 -1 -0.8071129459373074 -0.8924884242873528
277 -1 0.9053118521144121 0.8266181805689938
278 -0.9999999999999999 -0.8261534486196481 0.8963477761774777
279 -1 0.02856409040294872 -0.4576976395088446
280 -1 0.4576976395088446 0.02856409040294863
281 -1 -0.041019075522025 0.4697390234373907
282 -1 -0.4576976395088446 -0.02856409040294872
283 -1 0.234005296770261 -0.6435340865641774
284 -1 0.6432671110743813 0.2329422098825082
285 -1 -0.2014904234633473 0.6277868252926555
286 -1 -0.6431931511560135 -0.2329194041682225
287 -1 -0.4038929572396977 -0.659769396058584
288 -1 0.6615988718084884 -0.3998779723173653
289 -1 0.4041821398369205 0.6598347987768376
290 -1 -0.6304014445811421 0.4324045809539342
291 -1 -0.741217284359616 0.4869982810288395
292 -1 -0.1513329239535304 -0.7282130405735658
293 -1 0.7282130405735658 -0.1513329239535304
294 -1 0.1513329239535304 0.7282130405735657
295 -1 -0.7266084892292226 0.1527830697261294
296 -1 0.2503288259616783 -0.2063750553474193
297 -1 -0.2063750553474193 -0.2503288259616783
298 -1 0.2063750553474193 0.2503288259616783
299 -1 -0.2494917340964836 0.2111951869413559
300 -1 -0.2611950489444309 0.7814606276858034
301 -1 -0.6835244096222056 -0.7994048444517559
302 -1 0.7866731077971431 -0.6354711201401226
303 -1 0.629157696574661 0.7789708517286687
304 -0.9999999999999998 -0.6261157360349133 0.7577875660971257
305 -1 -0.3950788224694616 -0.8328767700887063
306 -1 0.8339318106219771 -0.3900512404953933
307 -1 0.395668045340826 0.8329927018314306
308 -1 -0.8781195622645006 0.4213103181344096
309 -1 -0.3901786408746432 0.8260209345233884
310 -1 0.4291397528954214 -0.8391092837149163
311 -1 0.8241915734968891 0.4925959171587891
312 -1 -0.8260227838824429 -0.4874146504924488
313 -1 0.2865356664819015 -0.7953351756032425
314 -1 0.82680618353047 0.3142625670936061
315 -1 -0.827031103600945 -0.3133208717145573
316 -1 0.5946544966060345 -0.8623472004543695
317 -1 -0.5293917504275179 -0.8597458350582534
318 -1 0.8596058667338703 -0.513957594229489
319 -0.9999999999999998 0.5145326499920184 0.8383886089590997
320 -1 0.8683702700615376 -0.7272061246328359
321 -1 0.5743330508652931 0.8914242409983622
322 -1 -0.5673524441970298 0.8819260597984674
323 -1 -0.8573247762190528 0.7486241717998876
324 -1 -0.8454319011023685 -0.748182595731534
325 -1 -0.51105056945029 0.8223802476296789
326 -1 -0.9156526943851497 0.5122496825462708
327 -1 0.8555533564043635 0.719650951965061
328 -1 0.03499038318458303 -0.6681169549070098
329 -1 0.6680095109206248 0.03475457584392303
330 -1 -0.008599629767697598 0.7309641270433646
331 -1 -0.6675752483385007 -0.03416392981552363
332 -1 0.01796512325243177 -0.2261615182272179
333 -1 0.2261615182272181 0.01796512325243194
334 -1 -0.01941735990916732 0.2282692076675284
335 -1 -0.2260568817440686 -0.01736260680318996
336 -1 0.2248836453224541 -0.436050547335016
337 -1 -0.4360018422767067 -0.2247285178078773
338 -1 0.4360124079793307 0.2247317757670606
339 -1 -0.2357671356976568 0.4223883385341661
340 -0.9999999999999998 -0.1342570204360894 0.8280423160043645
341 -1 0.112388468641692 -0.8277469642956215
342 -1 0.8308903822517415 0.1147719097073008
343 -1 -0.8307680616359775 -0.1144138164802997
344 -1 -0.7623489425725 0.3255936458066082
345 -1 0.4898711769621613 -0.1558161545253454
346 -1 -0.1558161545253454 -0.4898711769621613
347 -1 0.1540368709369059 0.4915913746662396
348 -1 -0.488565694372005 0.1622206302564924
349 -1 -0.3196156791190299 0.5169914469936927
350 -1 0.3852436893788306 -0.5243582532782882
351 -1 -0.5233640093380534 -0.3833540327789804
352 -1 0.5234379963479661 0.3833768468470075
353 -1 -0.2820740657318051 -0.763721216344275
354 -1 0.76429811960091 -0.280265552352525
355 -1 0.2822497468255226 0.7637574832364709
356 -1 0.5253455037305861 -0.497560421611906
357 -1 -0.5020662358681838 -0.5207648537842229
358 -1 0.5025429707919931 0.5208785817367168
359 -1 0.6186114258270763 -0.2679617341864002
360 -1 -0.2691264338467228 -0.6181301500257685
361 -1 0.2688635498672229 0.6184945234886737
362 -1 -0.6100607512047139 0.2928158094555787
363 -1 0.1304354212348782 -0.3315711901046246
364 -1 0.3315616552657033 0.1303974538460299
365 -1 -0.136423826306333 0.3328979391451101
366 -1 -0.3315328547192598 -0.1302460102439236
367 -1 -0.06301355062340774 -0.5963877728170521
368 -1 0.5963794298329962 -0.06304677208865003
369 -1 0.06393777240017839 0.6051268914301402
370 -1 -0.5955994678724115 0.06505645719855169
371 -1 -0.07891549905434592 -0.3560147901649755
372 -1 0.3560147901649755 -0.07891549905434592
373 -1 0.07499387271328323 0.359982107933209
374 -1 -0.3554529874303505 0.08187227999792723
375 -1 -0.5127475317422654 0.5224332652527138
376 -1 -0.04079081442445665 -0.8448153919552397
377 -1 0.8454225867491865 -0.04036128767946699
378 -1 0.08568332354521524 0.8647942919042326
379 -1 -0.8449903598407402 0.04084106468506699
380 -1 0.1236138668603319 -0.1036428625805514
381 -1 -0.1036167034597642 -0.1234632377480216
382 -1 0.1032798034163676 0.1241407892204096
383 -1 -0.12374149393743 0.1055254469514235
384 -1 0.7117727871246716 0.5480877603575663
385 -1 -0.7127900633687999 -0.5409280855820482
386 -1 0.1284959545194902 -0.5617628769079186
387 -1 0.5616782552124922 0.1281589939434611
388 -1 -0.5616046703302846 -0.1281064482911287
389 0.01262695312496476 -0.01262695312503515 -1
390 -0.3980840541284554 0.4532542829249608 -1
391 0.4496540451902544 0.3519379427832339 -1
392 -0.3905712611617016 -0.4428850446420171 -1
393 0.3567787909975091 -0.4533386434045537 -1
394 0.4452257966424889 0.6621541874312352 -1
395 -0.6261575893647096 0.3988226526639732 -1
396 -0.625084333227762 -0.3974496662401529 -1
397 0.6668326416659369 -0.4534330595251238 -1
398 0.6664536154383045 0.5683494653611967 -1
399 -0.6363101940747531 0.5794856713792123 -1
400 -0.6397049639308442 -0.5809647314285831 -1
401 0.5442725301575611 -0.677431334893088 -1
402 0.6373458814413133 0.766332368734538 -1
403 -0.6144175969798429 0.8064507452076195 -1
404 -0.6162691471439145 -0.7837459202375029 -1
405 0.7034721328339242 -0.6109772305548794 -1
406 0.7531848088373487 -0.731930713893209 -1
407 -0.8390113593065676 -0.7296291657475507 -1
408 0.8924884242873528 0.8071129459373074 -1
409 -0.8015608485643337 0.8747319209367024 -0.9999999999999998
410 -0.8267667465515007 -0.905158460957787 -1
411 0.8783283123740415 -0.795890617323936 -1
412 0.03050110212169321 0.4557606277900894 -1
413 -0.4257537695312555 -0.001937011717671522 -1
414 0.001937011717502407 -0.4895249023437556 -1
415 0.4717379547989922 -0.04306851283601826 -1
416 0.2332091363110787 0.6429034190131557 -1
417 -0.6318762984803654 0.2060310932390781 -1
418 -0.6317229761757035 -0.2064099523186544 -1
419 0.6315165367395841 -0.2215938470731646 -1
420 -0.4323732849376601 0.6310768974109025 -1
421 -0.4328924703973457 -0.6314595538684932 -1
422 0.4011135377935524 -0.6628344372846822 -1
423 0.6598849885065004 0.4037773647917807 -1
424 -0.4950355558593675 0.7423171522358105 -1
425 -0.4875522296436641 -0.7431312690877352 -1
426 -0.1525018197261305 0.7263272392292219 -1
427 -0.1603044983011041 -0.7346924178002345 -1
428 0.1594168525249364 -0.7362969691450164 -1
429 0.7284942905735647 0.1510516739535295 -1
430 -0.1867109374994385 0.2275703125004477 -1
431 0.2529645681491708 0.2037393131599121 -1
432 -0.2085684779582047 -0.2521184430798631 -1
433 0.2165831887179266 -0.2605369593322422 -1
434 -0.7814966728069783 0.2614318523564198 -1
435 -0.7812513571189201 -0.261279693551825 -1
436 0.6354832983956262 -0.7866852860526465 -1
437 0.7994077406774649 0.6835215133964967 -1
438 -0.8172837412589094 0.6971579065653777 -0.9999999999999998
439 -0.7659155218515763 -0.6328703060400407 -1
440 0.3902583213485675 -0.8341388914751519 -1
441 0.8328970446112756 0.3950585479468922 -1
442 -0.4344605019852698 0.875390115015938 -1
443 -0.4217749973062448 -0.879658868385458 -1
444 -0.8258113511900556 0.3899690575413091 -1
445 -0.825811351190897 -0.3899836408713895 -1
446 0.4874413640360267 0.8259960703388651 -1
447 0.8391207172466624 -0.4291511864271674 -1
448 0.3134052623576287 0.8269159454250473 -1
449 0.7929655148446728 -0.2840872257488311 -1
450 -0.5207202871389915 0.9172196894700917 -1
451 0.8623509952153292 -0.5946582913669942 -1
452 0.5140028299797961 -0.8596511024841775 -1
453 0.859751680145409 0.5293859053403622 -1
454 0.7272070604321552 -0.8683712058608576 -1
455 -0.8856694267818348 -0.5756798348859349 -1
456 0.7481829417136769 0.8454315551202255 -1
457 -0.8514138079345264 0.5222791018670672 -1
458 -0.8234202527510304 -0.5158997026448566 -1
459 -0.512778368948966 -0.9173853463846962 -0.9999999999999998
460 -0.7205118132507731 -0.8546333867357101 -1
461 -0.6287617036936251 -6.851230876445125e-05 -1
462 0.03443588012612381 0.6661956668461748 -1
463 0.7320143158119292 -0.01202499595409295 -1
464 0.0003225769913674931 -0.7416228799111262 -1
465 0.005684639137459646 -0.2504749306726199 -1
466 0.02543540604982192 0.218304435978144 -1
467 -0.407930437142173 0.2246647695146818 -1
468 -0.429831774618313 -0.211498874060217 -1
469 0.2339627159113491 -0.02582433432946196 -1
470 0.419571863512382 -0.244207536185389 -1
471 0.2258885604577461 0.4348417996268312 -1
472 -0.2011494117954997 -0.007751316615016934 -1
473 -0.8099185699419604 -0.09276186733227715 -1
474 -0.8086755408204884 0.09577209432657116 -0.9999999999999998
475 0.114555277152295 0.8304419957670273 -1
476 0.831299273479237 -0.1435412137562122 -1
477 -0.3290545687507942 0.7621248173153985 -1
478 -0.3275858034420052 -0.764972122356899 -1
479 -0.1727477058409628 0.4680790968682644 -1
480 0.4927590512446802 0.1528619792224044 -1
481 0.5195212386916974 -0.3874884097548574 -1
482 0.3837693002375252 0.5229487418795062 -1
483 0.2827996173326768 -0.7668321845810755 -1
484 0.7638265147383716 0.2819687673377075 -1
485 -0.516012094778926 0.3206931995856734 -1
486 -0.5193025862958702 -0.3145608843152603 -1
487 -0.1714704518867765 -0.50029940112357 -1
488 0.1695220178862766 -0.5037664918537819 -1
489 0.5209975492030146 0.5018335404493906 -1
490 0.4977037478612514 -0.5269051769724609 -1
491 -0.2965648970377869 -0.614861707958243 -1
492 0.27392616330699 -0.6246137452538221 -1
493 0.1336974091946082 0.3281615441387442 -1
494 0.6189237780506744 0.2683195456177311 -1
495 -0.2969522866768006 0.6081724667497497 -1
496 -0.06700743429430855 0.5897970266961117 -1
497 -0.3163258584758182 -0.1183264113681921 -1
498 0.6062514031072914 0.06220503609645561 -1
499 0.3354639307351623 -0.1434093356707777 -1
500 -0.3053861389920916 0.1106366884206103 -1
501 0.09843171436479145 -0.3760758210505997 -1
502 -0.07588053379222143 0.3424286182842364 -1
503 -0.09310431974750477 -0.3731044193049521 -1
504 0.3628560725260479 0.07192711130420904 -1
505 -0.5355287761068025 0.1070694902344156 -1
506 -0.5409657798996721 -0.1050816820487422 -1
507 -0.5232312806263946 0.5156598760947621 -1
508 -0.5220632571794134 -0.5131897490448115 -0.9999999999999998
509 -0.0407021324885482 0.8445929803684849 -1
510 0.1172143742229251 -0.1373657943648397 -1
511 0.8651271515963734 0.08475666949861638 -1
512 0.08993485737783312 -0.8694799622640357 -1
513 -0.08999548032867709 -0.8690788244278402 -1
514 0.1312474108088266 0.09589811542088983 -1
515 -0.09785157437282008 -0.1307429108731337 -1
516 -0.087449497530038 0.1063741196846348 -1
517 0.5409440762947395 0.7127740726561087 -1
518 -0.08237884036975254 -0.6165349002946714 -1
519 0.08279961478002072 -0.6178028108134201 -1
520 -0.2913682836527576 0.3433921154520885 -1
521 0.129079371289671 0.5606317473317368 -1
522 1 -1.342953526162205e-12 0
523 1 0.3525160677828692 -0.4490759201902561
524 1 -0.4423791852690495 -0.3910771205347286
525 1 0.4423791852666648 0.3910771205347285
526 1 -0.352516067785644 0.4490759201902563
527 1 -0.39882597204656 -0.6267135036132205
528 0.9999999999999998 0.6624880343597002 -0.445265365809155
529 1 0.3988259720435764 0.6267135036132205
530 1 -0.6622026249328179 0.445177359142489
531 1 -0.5799260522351478 -0.6369513845192655
532 1 0.57009061563199 -0.6668399770603273
533 1 0.5793835250706388 0.6395378559089715
534 1 -0.5683555200509594 0.6664475607508047
535 1 -0.744080960318165 -0.5952753428560295
536 1 0.7563101736966404 -0.6600539482140291
537 1 0.7781567202374836 0.6145637071417953
538 1 -0.7663376790767045 0.6373405711003801
539 1 -0.8449781188357227 -0.7096480215653794
540 1 0.7305219926872995 -0.8381474834115263
541 1 0.6995959154955107 0.8294624852655332
542 1 -0.8105691716971314 -0.8867771232908447
543 1 0.9053118521144119 -0.8266181805689938
544 1 0.826153448618685 0.8963477761774781
545 1 -0.8071129459383748 0.8924884242873528
546 1 -0.04101907552250328 -0.4697390234373907
547 1 0.4576976395079413 -0.0285640904029488
548 1 0.04101907551916328 0.4697390234373904
549 1 -0.4576976395099158 0.02856409040294877
550 0.9999999999999998 -0.2014904234635905 -0.6277868252926553
551 0.9999999999999998 0.6432671110740597 -0.2329422098825081
552 1 0.2014904234600006 0.6277868252926553
553 1 -0.6431931511572328 0.2329194041682225
554 1 0.4041821398367809 -0.6598347987768376
555 1 0.630401444579529 0.4324045809539346
556 1 -0.4038929572425448 0.659769396058584
557 1 -0.6293560071109887 -0.4313305569127914
558 1 0.7412172843583378 0.4869982810288396
559 1 -0.7321795138377727 -0.4843261875998076
560 1 0.1513329239533279 -0.7282130405735657
561 1 0.7266084892284763 0.1527830697261294
562 1 -0.1513329239572649 0.7282130405735658
563 1 -0.7266084892295741 -0.1527830697261294
564 1 0.2063750553466701 -0.2503288259616784
565 1 -0.2494917340972704 -0.211195186941356
566 1 0.2494917340946938 0.2111951869413558
567 1 -0.206375055349394 0.2503288259616783
568 0.9999999999999998 -0.2611950489445329 -0.7814606276858033
569 1 0.2611950489407522 0.7814606276858036
570 1 0.6291576965746426 -0.7789708517286689
571 1 -0.6835244096239159 0.7994048444517559
572 1 -0.6796109386031972 -0.7752164999488185
573 1 0.6261157360328931 0.7577875660971258
574 1 0.395668045340785 -0.8329927018314308
575 1 -0.3950788224726884 0.8328767700887063
576 1 0.8781195622638791 0.4213103181344093
577 1 -0.8660740078741827 -0.4246228942820757
578 0.9999999999999998 -0.3901786408746719 -0.8260209345233883
579 1 0.39017864087136 0.8260209345233884
580 1 0.8241904592250751 -0.4925949101131138
581 1 -0.8260227838832825 0.4874146504924488
582 1 0.8267816744135932 -0.3142352333288097
583 1 -0.8270311036016347 0.3133208717145573
584 1 -0.8864928984855732 -0.5540855971470672
585 0.9999999999999998 0.5145326499919978 -0.8383886089590997
586 1 -0.5293917504300676 0.8597458350582534
587 1 0.5743330508652857 -0.8914242409983622
588 1 0.5673524441946547 0.8819260597984677
589 1 0.8573247762182639 0.7486241717998881
590 1 -0.8454319011032137 0.7481825957315339
591 1 -0.5299431263431581 -0.8476377637982946
592 1 0.5110505694476442 0.8223802476296789
593 1 0.9156526943846892 0.5122496825462708
594 1 0.8555533564043623 -0.7196509519650611
595 1 -0.008599629767906167 -0.7309641270433646
596 1 0.6675918340434689 -0.03419049835789723
597 1 0.008599629763712757 0.7309641270433642
598 1 -0.6675752483392525 0.03416392981552363
599 1 -0.01941735991001664 -0.2282692076675284
600 1 0.2260568817428703 -0.0173626068031901
601 1 0.01941735990717913 0.2282692076675281
602 1 -0.2260568817453652 0.0173626068031898
603 1 0.4360124079787492 -0.2247317757670608
604 1 -0.2357671356981195 -0.4223883385341662
605 1 0.2357671356951474 0.4223883385341665
606 1 -0.4360018422783135 0.2247285178078773
607 1 -0.1342570204362001 -0.8280423160043646
608 1 0.134257020431899 0.8280423160043646
609 1 0.8307444418227252 -0.1146089141641973
610 1 -0.830768061636475 0.1144138164802996
611 1 0.7623489425715633 0.3255936458066082
612 1 -0.7586608155088934 -0.3255213889195234
613 1 0.1540368709364717 -0.4915913746662396
614 1 -0.4885656943726504 -0.1622206302564924
615 1 0.4885656943707188 0.1622206302564924
616 1 -0.1540368709397431 0.4915913746662395
617 1 -0.3196156791193299 -0.5169914469936927
618 1 0.3196156791163471 0.5169914469936929
619 1 0.523437996347673 -0.3833768468470075
620 1 -0.5233640093398915 0.3833540327789803
621 1 0.2822497468253929 -0.7637574832364709
622 1 -0.2820740657352855 0.763721216344275
623 1 0.5025429707918028 -0.5208785817367168
624 1 -0.5020662358703714 0.5207648537842229
625 1 0.2688635498669685 -0.6184945234886738
626 1 -0.6091140382982312 -0.2925865532699329
627 1 0.6100607512033904 0.2928158094555786
628 1 -0.2687705771320966 0.6184741895665842
629 1 -0.1364238263069774 -0.3328979391451101
630 1 0.3315354961440578 -0.1302468247337196
631 1 0.136423826304046 0.3328979391451101
632 1 -0.3315328547207473 0.1302460102439236
633 1 0.06393777239984759 -0.6051268914301402
634 1 0.5956017791190044 0.06505574451998017
635 1 -0.06393777240353304 0.6051268914301402
636 1 -0.5955994678730936 -0.06505645719855169
637 1 0.07499387271265529 -0.3599821079332091
638 1 0.355452987429056 0.08187227999792723
639 1 -0.07499387271569874 0.3599821079332091
640 1 -0.3554529874313004 -0.08187227999792746
641 1 -0.5126218041654365 -0.5215181413950014
642 1 0.5127475317401022 0.5224332652527135
643 1 0.08568332354511243 -0.8647942919042327
644 1 0.8449889530189338 0.04079673143981276
645 1 -0.08568332354963099 0.8647942919042326
646 1 -0.8449903598410601 -0.04084106468506693
647 1 0.1032536442945451 -0.1239901601080993
648 1 -0.1237414939384988 -0.1055254469514236
649 1 0.1237414939358501 0.1055254469514235
650 1 -0.1032536442972307 0.1239901601080991
651 1 0.7117727871246246 -0.5480877603575663
652 1 -0.7127900633702606 0.5409280855820482
653 1 0.5616281129824077 -0.1281136768880675
654 1 -0.5616046703314243 0.1281064482911288
655 0.01262695312630771 1 -0.0126269531250354
656 0.4533386434049168 1 -0.3567787909995754
657 -0.3519379427828706 1 -0.4496540451887543
658 0.4428850446440302 1 0.3905712611597267
659 -0.4532542829229325 1 0.3980840541304733
660 0.445225796642578 1 -0.6622510624327106
661 -0.6606607472533004 1 -0.4710841752683772
662 0.3974496662429817 1 0.6250843332263198
663 -0.3988226526611426 1 0.6261575893661582
664 0.6664536154383467 1 -0.5683615747384144
665 -0.5442586908717984 1 -0.6774313348914922
666 0.5791810180974087 1 0.6393014622147755
667 -0.5794856713770491 1 0.6363101940765548
668 0.6373458814413338 1 -0.7663429894176157
669 -0.7025885265307788 1 -0.6511282415465041
670 0.7781567202387069 1 0.6145637071417951
671 -0.8064507452066132 1 0.6144175969818948
672 -0.8363353748794626 1 -0.7204401881316489
673 0.6995959154971736 1 0.8294624852655329
674 0.8924884242873534 1 -0.8071129459383739
675 -0.8083693454894307 0.9999999999999998 -0.8889463997475056
676 0.8261534486196487 1 0.8963477761774776
677 -0.8747319209360274 1 0.8015608485654093
678 0.04306851283648577 1 -0.4717379547992219
679 0.4895249023446481 1 -0.001937011719997273
680 0.001937011720325487 1 0.4257537695312446
681 -0.4557606277891968 1 -0.03050110211937818
682 0.2205079544713564 1 -0.6311756013322697
683 0.2064099523219962 1 0.6317229761748795
684 -0.2060310932357354 1 0.6318762984811872
685 -0.643244354421 1 -0.2342950289100119
686 -0.3997622357100827 1 -0.6617146084143553
687 0.6610048173756971 1 -0.4051283785593727
688 0.6309759616478787 1 0.4327683721090666
689 -0.6310768974092847 1 0.4323732849402362
690 0.741291686377896 1 0.4870237605210268
691 -0.7423171522345421 1 0.4950355558619566
692 -0.1510516739533288 1 -0.7284942905731792
693 0.7362969691453232 1 -0.1594168525285136
694 0.7346924178009802 1 0.1603044982975355
695 -0.7263272392284763 1 0.1525018197296522
696 0.2605369593329769 1 -0.2165831887192089
697 -0.2037393131591778 1 -0.2529645681482051
698 0.2521184430815962 1 0.2085684779569735
699 -0.2275703124987372 1 0.1867109375005618
700 0.2612796935554965 1 0.7812513571182032
701 -0.2614318523527477 1 0.781496672807696
702 -0.66250746543338 1 -0.7947292146948546
703 0.7994139619489742 1 -0.6835335271211043
704 0.6260525722380546 1 0.757714850581501
705 -0.697157906563751 1 0.8172837412598544
706 -0.3900307977870188 1 -0.8339522533295627
707 0.833083682756159 1 -0.3952857351400589
708 0.8781319626008899 1 0.4213145647164405
709 -0.8753901150153063 1 0.4344605019883299
710 0.3899836408746715 1 0.8258113511900558
711 -0.3899690575380268 1 0.8258113511908967
712 0.4607388505936764 0.9999999999999998 -0.8358234924279225
713 0.2979520765087599 1 -0.813025922812796
714 -0.8348609151252795 1 -0.3297880393494964
715 -0.9172196894696564 1 0.5207202871416197
716 -0.8390742606314703 1 -0.5287401073822087
717 -0.5193593908178846 1 -0.8612225605831818
718 0.8597902520286961 1 -0.5294361674004705
719 0.5673211090916801 1 0.8818904860681105
720 0.8573247762190537 1 0.7486241717998876
721 0.7481829417136812 1 -0.8454322470853524
722 0.510957057720399 1 0.8222750944935182
723 -0.5222791018644811 1 0.8514138079352693
724 0.9156526943851522 1 0.5122496825462705
725 6.851231216756953e-05 1 0.6287617036936246
726 -0.6663224247657019 1 -0.03470321538047026
727 0.01186986843971996 0.9999999999999998 -0.7319656107537375
728 0.7416228799116114 1 -0.0003225769951713531
729 0.2504749306737831 1 -0.005684639138722414
730 -0.2183044359769839 1 -0.02543540604873384
731 -0.2246647695122421 1 0.4079304371431995
732 0.2114988740627439 1 0.4298317746173568
733 0.02582433433027696 1 -0.2339627159114917
734 0.244026554085496 1 -0.4195150409454755
735 -0.4348905046845658 1 -0.2260436879702095
736 0.007751316616864512 1 0.20114941179546
737 0.09276186733636793 1 0.8099185699417462
738 -0.09577209432249612 1 0.8086755408207091
739 -0.8304918888144783 1 -0.1144645514747649
740 0.1431985413368967 1 -0.8309000431160907
741 0.7643304422380797 1 0.3274003034400661
742 -0.7621248173144615 1 0.329054568753973
743 -0.4680790968669264 1 0.1727477058432423
744 -0.1528619792219767 1 -0.4927590512440832
745 0.3855935822380986 1 -0.5185253712510782
746 -0.523942985819451 1 -0.3856589568350962
747 -0.2801601914893002 1 -0.7644034804633156
748 0.7662552188556024 1 -0.2846080682463237
749 -0.3206931995830131 1 0.5160120947802545
750 0.3145608843179379 1 0.5193025862945708
751 0.5002994011248383 1 0.1714704518843302
752 0.5037664918543556 1 -0.1695220178887475
753 0.5223232910199277 1 -0.5022090355962303
754 -0.4973275243700069 1 -0.5255784009704387
755 0.6146366534911617 1 0.2965029773781449
756 0.6241324281271788 1 -0.2750908216445065
757 -0.3281737204024811 1 -0.1337361910716317
758 -0.2671548046315118 1 -0.6194050951767376
759 -0.6081724667484163 1 0.2969522866795153
760 -0.5898076809267512 1 0.06697350015343552
761 0.1183264113703826 1 0.3163258584752586
762 -0.06224381797477484 1 -0.6062392268425556
763 0.1433640901463089 1 -0.3354497250938494
764 -0.1106366884184473 1 0.3053861389926165
765 0.376075821051441 1 -0.09843171436666903
766 -0.342428618282961 1 0.07588053379392301
767 0.3731044193062166 1 0.09310431974564576
768 -0.07192711130359797 1 -0.3628560725257506
769 -0.1070694902313725 1 0.5355287761072611
770 0.105081682051807 1 0.5409657798992236
771 0.5126229226580747 1 0.521931357177472
772 -0.5156598760926021 1 0.5232312806283557
773 -0.8446283105617312 1 0.04066681057587785
774 0.1373657943658362 1 -0.1172143742236147
775 -0.08479545137715941 1 -0.8651149753317293
776 0.8694799622642337 1 -0.08993485738216411
777 0.869078824428148 1 0.08999548032434807
778 -0.09589811541989413 1 -0.1312474108083666
779 0.1307429108746379 1 0.09785157437216885
780 -0.1063741196831374 1 0.08744949753056308
781 0.5409440762947807 1 -0.7128060540829045
782 0.6165349002955196 1 0.08237884036667426
783 0.6178028108139846 1 -0.0827996147831076
784 -0.3433921154502095 1 0.2913682836543692
785 -0.5607398116792919 1 -0.1294235604598435
786 0.33967273177658 1 -0.9122123538101796
787 -1.342870259435358e-12 -1 0.0252539062499999
788 -0.4618874157263381 -1 -0.3601411793924477
789 0.4618874157240993 -1 -0.3601411793903512
790 -0.3562006659999398 -1 0.4539167684030283
791 0.3562006659971445 -1 0.453916768404552
792 -0.4438335644997172 -1 -0.6607619552898496
793 0.4439215711635483 -1 -0.6610473647169539
794 -0.6622026249328179 -1 0.4452742341398241
795 0.6667842041658321 -1 0.4534814970251238
796 -0.6662795864204893 -1 -0.5681754363455571
797 0.6666720027282602 -1 -0.5699105319266782
798 -0.5683555200509594 -1 0.666459670124135
799 0.5442656105146557 -1 0.6774382545359454
800 -0.6371932470705091 -1 -0.7661797343649246
801 0.659932653384278 -1 -0.7561801346483943
802 -0.7663376790767045 -1 0.6373511917803227
803 0.7034629066434202 -1 0.6109864567453558
804 0.7531829635992461 -1 0.7319325591313042
805 0.8381474834106305 -1 -0.7305219926873002
806 -0.8924884242873534 -1 -0.8071129459383739
807 0.8266181805680323 -1 -0.9053118521144122
808 -0.8071129459383748 -1 0.8924884242867599
809 0.8783280487685979 -1 0.7958908809293779
810 -1.580735542461298e-12 -1 -0.4239333649553575
811 -0.4698556305813306 -1 0.04495083705237996
812 -1.73991329465795e-12 -1 0.4914619140625
813 0.4698556305793837 -1 0.04495083705476285
814 -0.2248814067194335 -1 -0.6345756894221952
815 0.2249042124302265 -0.9999999999999998 -0.6346496493397098
816 -0.630710715729951 -1 0.2209728400707542
817 0.6310516511365465 -1 0.2220587326758421
818 -0.6618766495929591 -1 -0.4050973368927068
819 -0.4050127861115953 -1 0.6611204098221732
820 0.4009978011862695 -1 0.6629501738918247
821 0.6619420523096264 -1 -0.4053865194872137
822 -0.7282130405739169 -1 -0.1507704239570626
823 -0.1591356025287153 -1 0.7365782191445855
824 0.1591356025247346 -1 0.7365782191450161
825 0.7282130405728272 -1 -0.1507704239535306
826 -0.2303046875012706 -1 -0.1839765625005697
827 0.2303046874987293 -1 -0.1839765624994307
828 -0.2139474465324507 -1 0.2631727015187126
829 0.2139474465296847 -1 0.2631727015197349
830 -0.7993540177551421 -1 -0.6834640588703655
831 -0.6835306308954108 -1 0.7994168581736176
832 0.6354788967294722 -1 0.7866896877187821
833 0.7789153582244315 -1 -0.6290897642131754
834 -0.8331999832893928 -1 -0.3952495384634718
835 -0.39526546061753 -1 0.8331039572779302
836 0.3902378786401926 -1 0.8341593341834852
837 0.8333159150312781 -1 -0.3958387613316484
838 -0.4604231165784967 -1 -0.8354492837084643
839 0.4650727084724495 -1 -0.8338843097451458
840 -0.8357948778322969 -1 0.4607674651864915
841 0.8241646069397861 -1 0.4429875669927299
842 -0.298123003357364 -0.9999999999999998 -0.8115321170288676
843 0.2992442834009805 -1 -0.8112979684113402
844 -0.8128984947000315 -1 0.2980795046181053
845 0.8121059893901166 -1 0.2961447936117743
846 0.8623472004543584 -1 0.5946620861279541
847 -0.8597667174930049 -1 -0.529377806736434
848 -0.5294303223133351 -1 0.8597960971151366
849 0.5139964771763093 -1 0.8596574552876426
850 0.8384080859659931 -1 -0.5145183715389671
851 0.7272061246328315 -1 0.8683721416601773
852 0.8914165656329963 -1 -0.5743177902645379
853 -0.7481729971983748 -1 -0.8454216106057604
854 -0.8454319011032138 -1 0.7481832876944399
855 0.719650951963509 -1 -0.8555533564043634
856 2.33972415049355e-05 -1 -0.655233378568336
857 -0.7314651164940058 -1 0.01237036269594993
858 0.7315138215512534 -1 0.01252549021429526
859 -2.124092994421398e-12 -1 0.7423272940440127
860 -1.466826660134757e-12 -1 0.2568689810438682
861 -0.2293570961103766 -1 -0.4025664019894464
862 0.2293599468217784 -1 -0.4025756469781955
863 -0.2261247987026742 -1 0.0333001102897843
864 0.226124798700182 -1 0.03330011029091454
865 -1.369182545118974e-12 -1 -0.1930654010881699
866 -0.4182509551945644 -1 0.2452906398345161
867 0.418307777760317 -1 0.2454716219368736
868 -0.1204965979142473 -1 -0.8233128737324309
869 0.1206955530704201 -1 -0.8232861756157618
870 -0.8306817149912817 -1 0.143416869457737
871 0.8310808322410926 -1 0.1437596549941651
872 -0.4720034952358498 -1 -0.1651345489127927
873 0.4720034952338871 -0.9999999999999998 -0.1651345489104887
874 -0.5180542644805444 -1 0.3860646890064268
875 0.5190501319205652 -1 0.3879595165256897
876 -0.7642073096914221 -1 -0.2821928348633811
877 -0.284502769852356 -1 0.7663605172488324
878 0.282694256469452 -1 0.7669375454441707
879 0.764243576582578 -1 -0.282368515953746
880 -0.3849656891284022 -1 -0.5161903173278597
881 0.3849884217447151 -1 -0.5162640401936574
882 -0.1683631869740028 -1 0.5049253227682757
883 0.1683631869706643 -1 0.504925322768957
884 -0.5237685810735813 -1 -0.5020732450496843
885 0.5238822927340501 -0.9999999999999998 -0.5025499271429708
886 -0.5019651723151715 -1 0.5225671542991173
887 0.4974596827568934 -1 0.5271492420766273
888 -0.2746430022933217 -1 0.624580247477379
889 0.273478302629653 -1 0.6250616059309042
890 -0.6176375821640974 -1 -0.2726672648036784
891 0.6176579160846036 -1 -0.2727602375390659
892 -0.3320447077527549 -1 0.1466785721738482
893 0.3320589133923919 -1 0.1467238177005717
894 -0.6003843207212758 -1 -0.06464594328038142
895 0.6003964969843381 -1 -0.06460716139874023
896 -0.1149154459036494 -1 -0.3008854326333856
897 0.1149161585793895 -1 -0.3008877438802884
898 -0.095577658377415 -1 0.3791072298483393
899 0.09557765837428556 -1 0.3791072298487652
900 -0.1135589130297697 -1 -0.5345368927793428
901 0.1135667524906841 -1 -0.5345576940059087
902 -0.3495721530052813 -1 -0.06771504101779957
903 0.3495721530030456 -1 -0.06771504101606055
904 -0.8649195392669806 -1 -0.08460001531652095
905 0.8649317155310201 -1 -0.08456123343356592
906 -0.1100180613094837 -1 0.1446489247755913
907 0.1100180613067643 -1 0.1446489247761293
908 -0.0897839006339527 -1 0.8697263782971496
909 0.08978390062940961 -1 0.8697263782972573
910 -0.1141073715516642 -1 -0.07962198676223875
911 0.1141073715490499 -1 -0.07962198676167143
912 0.5476449893092857 -1 -0.7112980964358971
913 -0.5404844575242804 -1 -0.7123144538870214
914 -0.7127900633702605 -1 0.5409600670050705
915 -0.08187469737664554 -1 0.6188231875048436
916 0.08187469737288372 -1 0.6188231875051216
917 -0.3483881736434589 -1 -0.2779546731988141
918 0.3483888863196236 -1 -0.2779569844446164
919 5.5588098731435e-05 -1 -0.825458106979132
920 0.3410792479673868 -1 -0.9112955695391216
921 -0.9121733431330821 -1 0.339711742450178
922 -0.3396365299849362 -1 -0.9117453501843329
923 0.9090676490824756 -1 0.334783090152097
$EndNodes
$Elements
1970
1 15 2 0 1 1
2 15 2 0 2 2
3 15 2 0 3 3
4 15 2 0 4 4
5 15 2 0 5 5
6 15 2 0 6 6
7 15 2 0 7 7
8 15 2 0 8 8
9 15 2 0 9 9
10 1 2 0 1 3 10
11 1 2 0 1 10 11
12 1 2 0 1 11 12
13 1 2 0 1 12 13
14 1 2 0 1 13 14
15 1 2 0 1 14 15
16 1 2 0 1 15 16
17 1 2 0 1 16 17
18 1 2 0 1 17 18
19 1 2 0 1 18 7
20 1 2 0 2 7 19
21 1 2 0 2 19 20
22 1 2 0 2 20 21
23 1 2 0 2 21 22
24 1 2 0 2 22 23
25 1 2 0 2 23 24
26 1 2 0 2 24 25
27 1 2 0 2 25 26
28 1 2 0 2 26 27
29 1 2 0 2 27 8
30 1 2 0 3 8 28
31 1 2 0 3 28 29
32 1 2 0 3 29 30
33 1 2 0 3 30 31
34 1 2 0 3 31 32
35 1 2 0 3 32 33
36 1 2 0 3 33 34
37 1 2 0 3 34 35
38 1 2 0 3 35 36
39 1 2 0 3 36 4
40 1 2 0 4 4 37
41 1 2 0 4 37 38
42 1 2 0 4 38 39
43 1 2 0 4 39 40
44 1 2 0 4 40 41
45 1 2 0 4 41 42
46 1 2 0 4 42 43
47 1 2 0 4 43 44
48 1 2 0 4 44 45
49 1 2 0 4 45 3
50 1 2 0 5 3 46
51 1 2 0 5 46 47
52 1 2 0 5 47 48
53 1 2 0 5 48 49
54 1 2 0 5 49 50
55 1 2 0 5 50 51
56 1 2 0 5 51 52
57 1 2 0 5 52 53
58 1 2 0 5 53 54
59 1 2 0 5 54 2
60 1 2 0 6 2 55
61 1 2 0 6 55 56
62 1 2 0 6 56 57
63 1 2 0 6 57 58
64 1 2 0 6 58 59
65 1 2 0 6 59 60
66 1 2 0 6 60 61
67 1 2 0 6 61 62
68 1 2 0 6 62 63
69 1 2 0 6 63 6
70 1 2 0 7 6 64
71 1 2 0 7 64 65
72 1 2 0 7 65 66
73 1 2 0 7 66 67
74 1 2 0 7 67 68
75 1 2 0 7 68 69
76 1 2 0 7 69 70
77 1 2 0 7 70 71
78 1 2 0 7 71 72
79 1 2 0 7 72 7
80 1 2 0 8 9 9
81 1 2 0 9 9 73
82 1 2 0 9 73 74
83 1 2 0 9 74 75
84 1 2 0 9 75 76
85 1 2 0 9 76 77
86 1 2 0 9 77 78
87 1 2 0 9 78 79
88 1 2 0 9 79 80
89 1 2 0 9 80 81
90 1 2 0 9 81 6
91 1 2 0 10 8 82
92 1 2 0 10 82 83
93 1 2 0 10 83 84
94 1 2 0 10 84 85
95 1 2 0 10 85 86
96 1 2 0 10 86 87
97 1 2 0 10 87 88
98 1 2 0 10 88 89
99 1 2 0 10 89 90
100 1 2 0 10 90 9
101 1 2 0 11 9 91
102 1 2 0 11 91 92
103 1 2 0 11 92 93
104 1 2 0 11 93 94
105 1 2 0 11 94 95
106 1 2 0 11 95 96
107 1 2 0 11 96 97
108 1 2 0 11 97 98
109 1 2 0 11 98 99
110 1 2 0 11 99 5
111 1 2 0 12 5 100
112 1 2 0 12 100 101
113 1 2 0 12 101 102
114 1 2 0 12 102 103
115 1 2 0 12 103 104
116 1 2 0 12 104 105
117 1 2 0 12 105 106
118 1 2 0 12 106 107
119 1 2 0 12 107 108
120 1 2 0 12 108 2
121 1 2 0 13 5 109
122 1 2 0 13 109 110
123 1 2 0 13 110 111
124 1 2 0 13 111 112
125 1 2 0 13 112 113
126 1 2 0 13 113 114
127 1 2 0 13 114 115
128 1 2 0 13 115 116
129 1 2 0 13 116 117
130 1 2 0 13 117 4
131 2 2 0 1 137 107 108
132 2 2 0 1 80 138 81
133 2 2 0 1 92 139 91
134 2 2 0 1 140 98 99
135 2 2 0 1 129 153 150
136 2 2 0 1 153 129 133
137 2 2 0 1 154 127 152
138 2 2 0 1 127 154 131
139 2 2 0 1 124 163 146
140 2 2 0 1 164 125 147
141 2 2 0 1 132 165 128
142 2 2 0 1 166 134 130
143 2 2 0 1 131 167 127
144 2 2 0 1 168 133 129
145 2 2 0 1 78 169 79
146 2 2 0 1 128 169 149
147 2 2 0 1 170 96 97
148 2 2 0 1 170 130 151
149 2 2 0 1 94 171 93
150 2 2 0 1 133 171 153
151 2 2 0 1 172 105 106
152 2 2 0 1 172 131 154
153 2 2 0 1 58 173 57
154 2 2 0 1 127 173 124
155 2 2 0 1 174 76 75
156 2 2 0 1 174 129 125
157 2 2 0 1 128 179 169
158 2 2 0 1 179 128 165
159 2 2 0 1 179 79 169
160 2 2 0 1 180 130 170
161 2 2 0 1 130 180 166
162 2 2 0 1 97 180 170
163 2 2 0 1 57 181 56
164 2 2 0 1 181 135 56
165 2 2 0 1 182 75 74
166 2 2 0 1 136 182 74
167 2 2 0 1 127 185 173
168 2 2 0 1 185 127 167
169 2 2 0 1 185 57 173
170 2 2 0 1 186 129 174
171 2 2 0 1 129 186 168
172 2 2 0 1 75 186 174
173 2 2 0 1 187 93 171
174 2 2 0 1 133 187 171
175 2 2 0 1 106 188 172
176 2 2 0 1 188 131 172
177 2 2 0 1 92 189 139
178 2 2 0 1 190 107 137
179 2 2 0 1 135 181 167
180 2 2 0 1 182 136 168
181 2 2 0 1 93 187 92
182 2 2 0 1 188 106 107
183 2 2 0 1 173 58 163
184 2 2 0 1 124 173 163
185 2 2 0 1 76 174 164
186 2 2 0 1 174 125 164
187 2 2 0 1 183 62 63
188 2 2 0 1 101 184 100
189 2 2 0 1 138 183 63
190 2 2 0 1 184 140 100
191 2 2 0 1 55 137 2
192 2 2 0 1 137 108 2
193 2 2 0 1 139 73 9
194 2 2 0 1 91 139 9
195 2 2 0 1 138 63 6
196 2 2 0 1 81 138 6
197 2 2 0 1 140 99 5
198 2 2 0 1 100 140 5
199 2 2 0 1 131 188 107
200 2 2 0 1 107 190 131
201 2 2 0 1 167 131 135
202 2 2 0 1 190 135 131
203 2 2 0 1 187 133 92
204 2 2 0 1 189 92 133
205 2 2 0 1 133 168 136
206 2 2 0 1 136 189 133
207 2 2 0 1 62 183 132
208 2 2 0 1 184 101 134
209 2 2 0 1 56 135 55
210 2 2 0 1 137 55 135
211 2 2 0 1 135 190 137
212 2 2 0 1 136 74 73
213 2 2 0 1 73 139 136
214 2 2 0 1 189 136 139
215 2 2 0 1 142 192 147
216 2 2 0 1 193 144 148
217 2 2 0 1 201 142 147
218 2 2 0 1 201 121 161
219 2 2 0 1 144 202 148
220 2 2 0 1 122 202 162
221 2 2 0 1 146 203 191
222 2 2 0 1 203 146 163
223 2 2 0 1 204 145 191
224 2 2 0 1 205 147 192
225 2 2 0 1 147 205 164
226 2 2 0 1 77 205 192
227 2 2 0 1 148 206 193
228 2 2 0 1 206 104 193
229 2 2 0 1 207 150 153
230 2 2 0 1 152 208 154
231 2 2 0 1 121 211 125
232 2 2 0 1 147 211 201
233 2 2 0 1 211 147 125
234 2 2 0 1 211 121 201
235 2 2 0 1 212 148 202
236 2 2 0 1 148 212 126
237 2 2 0 1 122 212 202
238 2 2 0 1 213 149 169
239 2 2 0 1 78 213 169
240 2 2 0 1 151 214 170
241 2 2 0 1 214 96 170
242 2 2 0 1 215 120 124
243 2 2 0 1 215 146 197
244 2 2 0 1 146 215 124
245 2 2 0 1 120 215 197
246 2 2 0 1 145 216 196
247 2 2 0 1 216 145 123
248 2 2 0 1 216 119 196
249 2 2 0 1 121 217 161
250 2 2 0 1 218 122 162
251 2 2 0 1 219 123 128
252 2 2 0 1 219 149 119
253 2 2 0 1 149 219 128
254 2 2 0 1 126 220 130
255 2 2 0 1 151 220 122
256 2 2 0 1 220 151 130
257 2 2 0 1 221 156 217
258 2 2 0 1 121 221 217
259 2 2 0 1 157 222 218
260 2 2 0 1 222 122 218
261 2 2 0 1 223 155 209
262 2 2 0 1 119 223 209
263 2 2 0 1 158 224 210
264 2 2 0 1 224 120 210
265 2 2 0 1 142 225 198
266 2 2 0 1 161 225 201
267 2 2 0 1 225 161 198
268 2 2 0 1 225 142 201
269 2 2 0 1 226 144 199
270 2 2 0 1 226 162 202
271 2 2 0 1 162 226 199
272 2 2 0 1 144 226 202
273 2 2 0 1 142 227 192
274 2 2 0 1 155 227 209
275 2 2 0 1 227 155 192
276 2 2 0 1 227 142 209
277 2 2 0 1 228 144 193
278 2 2 0 1 228 158 210
279 2 2 0 1 158 228 193
280 2 2 0 1 144 228 210
281 2 2 0 1 229 141 196
282 2 2 0 1 229 159 200
283 2 2 0 1 159 229 196
284 2 2 0 1 141 229 200
285 2 2 0 1 141 230 197
286 2 2 0 1 160 230 200
287 2 2 0 1 230 160 197
288 2 2 0 1 230 141 200
289 2 2 0 1 231 143 195
290 2 2 0 1 231 161 217
291 2 2 0 1 161 231 195
292 2 2 0 1 143 231 217
293 2 2 0 1 143 232 195
294 2 2 0 1 162 232 218
295 2 2 0 1 232 162 195
296 2 2 0 1 232 143 218
297 2 2 0 1 233 141 191
298 2 2 0 1 233 145 196
299 2 2 0 1 145 233 191
300 2 2 0 1 141 233 196
301 2 2 0 1 234 142 198
302 2 2 0 1 234 159 209
303 2 2 0 1 159 234 198
304 2 2 0 1 142 234 209
305 2 2 0 1 144 235 199
306 2 2 0 1 160 235 210
307 2 2 0 1 235 160 199
308 2 2 0 1 235 144 210
309 2 2 0 1 141 236 191
310 2 2 0 1 146 236 197
311 2 2 0 1 236 146 191
312 2 2 0 1 236 141 197
313 2 2 0 1 124 237 127
314 2 2 0 1 152 237 120
315 2 2 0 1 237 152 127
316 2 2 0 1 237 124 120
317 2 2 0 1 238 125 129
318 2 2 0 1 238 150 121
319 2 2 0 1 150 238 129
320 2 2 0 1 125 238 121
321 2 2 0 1 77 239 78
322 2 2 0 1 155 239 192
323 2 2 0 1 239 155 78
324 2 2 0 1 239 77 192
325 2 2 0 1 240 104 105
326 2 2 0 1 240 158 193
327 2 2 0 1 158 240 105
328 2 2 0 1 104 240 193
329 2 2 0 1 118 241 195
330 2 2 0 1 161 241 198
331 2 2 0 1 241 161 195
332 2 2 0 1 241 118 198
333 2 2 0 1 242 118 195
334 2 2 0 1 242 162 199
335 2 2 0 1 162 242 195
336 2 2 0 1 118 242 199
337 2 2 0 1 95 243 94
338 2 2 0 1 156 243 194
339 2 2 0 1 243 156 94
340 2 2 0 1 243 95 194
341 2 2 0 1 244 95 96
342 2 2 0 1 244 157 194
343 2 2 0 1 157 244 96
344 2 2 0 1 95 244 194
345 2 2 0 1 118 245 198
346 2 2 0 1 159 245 200
347 2 2 0 1 245 159 198
348 2 2 0 1 245 118 200
349 2 2 0 1 246 118 199
350 2 2 0 1 246 160 200
351 2 2 0 1 160 246 199
352 2 2 0 1 118 246 200
353 2 2 0 1 128 247 132
354 2 2 0 1 247 128 123
355 2 2 0 1 248 130 134
356 2 2 0 1 130 248 126
357 2 2 0 1 143 249 194
358 2 2 0 1 156 249 217
359 2 2 0 1 249 156 194
360 2 2 0 1 249 143 217
361 2 2 0 1 250 143 194
362 2 2 0 1 250 157 218
363 2 2 0 1 157 250 194
364 2 2 0 1 143 250 218
365 2 2 0 1 119 251 196
366 2 2 0 1 159 251 209
367 2 2 0 1 251 159 196
368 2 2 0 1 251 119 209
369 2 2 0 1 252 120 197
370 2 2 0 1 252 160 210
371 2 2 0 1 160 252 197
372 2 2 0 1 120 252 210
373 2 2 0 1 94 207 171
374 2 2 0 1 207 153 171
375 2 2 0 1 208 105 172
376 2 2 0 1 154 208 172
377 2 2 0 1 96 214 157
378 2 2 0 1 213 78 155
379 2 2 0 1 207 94 156
380 2 2 0 1 105 208 158
381 2 2 0 1 104 206 103
382 2 2 0 1 204 59 60
383 2 2 0 1 205 77 76
384 2 2 0 1 164 205 76
385 2 2 0 1 59 203 58
386 2 2 0 1 203 163 58
387 2 2 0 1 126 178 148
388 2 2 0 1 206 178 103
389 2 2 0 1 206 148 178
390 2 2 0 1 177 123 145
391 2 2 0 1 177 204 60
392 2 2 0 1 145 204 177
393 2 2 0 1 212 122 220
394 2 2 0 1 126 212 220
395 2 2 0 1 123 177 175
396 2 2 0 1 175 247 123
397 2 2 0 1 247 175 132
398 2 2 0 1 178 126 176
399 2 2 0 1 248 176 126
400 2 2 0 1 176 248 134
401 2 2 0 1 119 216 219
402 2 2 0 1 216 123 219
403 2 2 0 1 80 165 138
404 2 2 0 1 165 183 138
405 2 2 0 1 183 165 132
406 2 2 0 1 166 98 140
407 2 2 0 1 184 166 140
408 2 2 0 1 166 184 134
409 2 2 0 1 221 121 150
410 2 2 0 1 150 207 221
411 2 2 0 1 221 207 156
412 2 2 0 1 120 224 152
413 2 2 0 1 208 152 224
414 2 2 0 1 208 224 158
415 2 2 0 1 122 222 151
416 2 2 0 1 214 151 222
417 2 2 0 1 214 222 157
418 2 2 0 1 223 119 149
419 2 2 0 1 149 213 223
420 2 2 0 1 223 213 155
421 2 2 0 1 103 253 102
422 2 2 0 1 176 253 178
423 2 2 0 1 253 176 102
424 2 2 0 1 253 103 178
425 2 2 0 1 254 60 61
426 2 2 0 1 254 175 177
427 2 2 0 1 175 254 61
428 2 2 0 1 60 254 177
429 2 2 0 1 102 176 101
430 2 2 0 1 176 134 101
431 2 2 0 1 175 61 62
432 2 2 0 1 132 175 62
433 2 2 0 1 180 97 98
434 2 2 0 1 166 180 98
435 2 2 0 1 79 179 80
436 2 2 0 1 179 165 80
437 2 2 0 1 203 59 204
438 2 2 0 1 191 203 204
439 2 2 0 1 185 181 57
440 2 2 0 1 185 167 181
441 2 2 0 1 182 186 75
442 2 2 0 1 168 186 182
443 2 2 0 2 20 275 19
444 2 2 0 2 276 26 27
445 2 2 0 2 65 277 64
446 2 2 0 2 74 278 73
447 2 2 0 2 291 267 290
448 2 2 0 2 267 291 271
449 2 2 0 2 263 300 285
450 2 2 0 2 301 269 265
451 2 2 0 2 268 302 272
452 2 2 0 2 302 268 264
453 2 2 0 2 303 270 266
454 2 2 0 2 271 304 267
455 2 2 0 2 305 24 25
456 2 2 0 2 305 265 287
457 2 2 0 2 306 69 70
458 2 2 0 2 306 264 288
459 2 2 0 2 307 78 79
460 2 2 0 2 307 266 289
461 2 2 0 2 308 87 88
462 2 2 0 2 308 271 291
463 2 2 0 2 76 309 75
464 2 2 0 2 267 309 263
465 2 2 0 2 22 310 21
466 2 2 0 2 272 316 268
467 2 2 0 2 317 265 305
468 2 2 0 2 265 317 301
469 2 2 0 2 25 317 305
470 2 2 0 2 318 264 306
471 2 2 0 2 264 318 302
472 2 2 0 2 70 318 306
473 2 2 0 2 319 266 307
474 2 2 0 2 266 319 303
475 2 2 0 2 79 319 307
476 2 2 0 2 321 79 80
477 2 2 0 2 273 321 80
478 2 2 0 2 75 322 74
479 2 2 0 2 322 274 74
480 2 2 0 2 267 325 309
481 2 2 0 2 325 267 304
482 2 2 0 2 325 75 309
483 2 2 0 2 88 326 308
484 2 2 0 2 326 271 308
485 2 2 0 2 65 327 277
486 2 2 0 2 274 322 304
487 2 2 0 2 326 88 89
488 2 2 0 2 321 273 303
489 2 2 0 2 309 76 300
490 2 2 0 2 263 309 300
491 2 2 0 2 83 324 82
492 2 2 0 2 323 89 90
493 2 2 0 2 320 71 72
494 2 2 0 2 21 316 20
495 2 2 0 2 316 21 310
496 2 2 0 2 268 316 310
497 2 2 0 2 275 320 72
498 2 2 0 2 278 323 90
499 2 2 0 2 274 323 278
500 2 2 0 2 324 276 82
501 2 2 0 2 64 277 6
502 2 2 0 2 277 81 6
503 2 2 0 2 276 27 8
504 2 2 0 2 82 276 8
505 2 2 0 2 73 278 9
506 2 2 0 2 278 90 9
507 2 2 0 2 19 275 7
508 2 2 0 2 275 72 7
509 2 2 0 2 89 323 271
510 2 2 0 2 271 326 89
511 2 2 0 2 323 274 271
512 2 2 0 2 304 271 274
513 2 2 0 2 324 83 269
514 2 2 0 2 327 65 270
515 2 2 0 2 270 303 273
516 2 2 0 2 273 327 270
517 2 2 0 2 273 80 81
518 2 2 0 2 81 277 273
519 2 2 0 2 327 273 277
520 2 2 0 2 330 281 285
521 2 2 0 2 256 336 296
522 2 2 0 2 257 337 297
523 2 2 0 2 258 338 298
524 2 2 0 2 281 339 285
525 2 2 0 2 259 339 299
526 2 2 0 2 285 340 330
527 2 2 0 2 340 285 300
528 2 2 0 2 340 77 330
529 2 2 0 2 283 341 328
530 2 2 0 2 284 342 329
531 2 2 0 2 286 343 331
532 2 2 0 2 290 344 291
533 2 2 0 2 345 256 296
534 2 2 0 2 346 257 297
535 2 2 0 2 347 258 298
536 2 2 0 2 348 259 299
537 2 2 0 2 349 259 263
538 2 2 0 2 349 285 339
539 2 2 0 2 285 349 263
540 2 2 0 2 259 349 339
541 2 2 0 2 350 283 336
542 2 2 0 2 283 350 260
543 2 2 0 2 256 350 336
544 2 2 0 2 351 286 337
545 2 2 0 2 286 351 261
546 2 2 0 2 257 351 337
547 2 2 0 2 352 284 338
548 2 2 0 2 284 352 262
549 2 2 0 2 258 352 338
550 2 2 0 2 287 353 305
551 2 2 0 2 353 24 305
552 2 2 0 2 288 354 306
553 2 2 0 2 354 69 306
554 2 2 0 2 289 355 307
555 2 2 0 2 355 78 307
556 2 2 0 2 260 356 264
557 2 2 0 2 288 356 256
558 2 2 0 2 356 288 264
559 2 2 0 2 261 357 265
560 2 2 0 2 287 357 257
561 2 2 0 2 357 287 265
562 2 2 0 2 262 358 266
563 2 2 0 2 289 358 258
564 2 2 0 2 358 289 266
565 2 2 0 2 293 359 345
566 2 2 0 2 359 256 345
567 2 2 0 2 292 360 346
568 2 2 0 2 360 257 346
569 2 2 0 2 294 361 347
570 2 2 0 2 361 258 347
571 2 2 0 2 295 362 348
572 2 2 0 2 362 259 348
573 2 2 0 2 363 279 332
574 2 2 0 2 363 296 336
575 2 2 0 2 296 363 332
576 2 2 0 2 279 363 336
577 2 2 0 2 364 280 333
578 2 2 0 2 364 298 338
579 2 2 0 2 298 364 333
580 2 2 0 2 280 364 338
581 2 2 0 2 365 281 334
582 2 2 0 2 365 299 339
583 2 2 0 2 299 365 334
584 2 2 0 2 281 365 339
585 2 2 0 2 366 282 335
586 2 2 0 2 366 297 337
587 2 2 0 2 297 366 335
588 2 2 0 2 282 366 337
589 2 2 0 2 367 279 328
590 2 2 0 2 367 292 346
591 2 2 0 2 292 367 328
592 2 2 0 2 279 367 346
593 2 2 0 2 368 280 329
594 2 2 0 2 368 293 345
595 2 2 0 2 293 368 329
596 2 2 0 2 280 368 345
597 2 2 0 2 369 281 330
598 2 2 0 2 369 294 347
599 2 2 0 2 294 369 330
600 2 2 0 2 281 369 347
601 2 2 0 2 370 282 331
602 2 2 0 2 370 295 348
603 2 2 0 2 295 370 331
604 2 2 0 2 282 370 348
605 2 2 0 2 279 371 332
606 2 2 0 2 297 371 346
607 2 2 0 2 371 297 332
608 2 2 0 2 371 279 346
609 2 2 0 2 280 372 333
610 2 2 0 2 296 372 345
611 2 2 0 2 372 296 333
612 2 2 0 2 372 280 345
613 2 2 0 2 281 373 334
614 2 2 0 2 298 373 347
615 2 2 0 2 373 298 334
616 2 2 0 2 373 281 347
617 2 2 0 2 282 374 335
618 2 2 0 2 299 374 348
619 2 2 0 2 374 299 335
620 2 2 0 2 374 282 348
621 2 2 0 2 263 375 267
622 2 2 0 2 290 375 259
623 2 2 0 2 375 290 267
624 2 2 0 2 375 263 259
625 2 2 0 2 376 23 24
626 2 2 0 2 376 292 328
627 2 2 0 2 292 376 24
628 2 2 0 2 377 68 69
629 2 2 0 2 377 293 329
630 2 2 0 2 293 377 69
631 2 2 0 2 378 77 78
632 2 2 0 2 378 294 330
633 2 2 0 2 294 378 78
634 2 2 0 2 77 378 330
635 2 2 0 2 379 86 87
636 2 2 0 2 379 295 331
637 2 2 0 2 295 379 87
638 2 2 0 2 255 380 332
639 2 2 0 2 296 380 333
640 2 2 0 2 380 296 332
641 2 2 0 2 380 255 333
642 2 2 0 2 381 255 332
643 2 2 0 2 381 297 335
644 2 2 0 2 297 381 332
645 2 2 0 2 255 381 335
646 2 2 0 2 255 382 333
647 2 2 0 2 298 382 334
648 2 2 0 2 382 298 333
649 2 2 0 2 382 255 334
650 2 2 0 2 255 383 334
651 2 2 0 2 299 383 335
652 2 2 0 2 383 299 334
653 2 2 0 2 383 255 335
654 2 2 0 2 384 266 270
655 2 2 0 2 266 384 262
656 2 2 0 2 385 265 269
657 2 2 0 2 265 385 261
658 2 2 0 2 279 386 328
659 2 2 0 2 283 386 336
660 2 2 0 2 386 283 328
661 2 2 0 2 386 279 336
662 2 2 0 2 280 387 329
663 2 2 0 2 284 387 338
664 2 2 0 2 387 284 329
665 2 2 0 2 387 280 338
666 2 2 0 2 282 388 331
667 2 2 0 2 286 388 337
668 2 2 0 2 388 286 331
669 2 2 0 2 388 282 337
670 2 2 0 2 344 87 308
671 2 2 0 2 291 344 308
672 2 2 0 2 24 353 292
673 2 2 0 2 69 354 293
674 2 2 0 2 78 355 294
675 2 2 0 2 264 268 260
676 2 2 0 2 87 344 295
677 2 2 0 2 74 274 278
678 2 2 0 2 22 313 310
679 2 2 0 2 23 341 22
680 2 2 0 2 68 342 67
681 2 2 0 2 86 343 85
682 2 2 0 2 77 340 76
683 2 2 0 2 340 300 76
684 2 2 0 2 260 313 283
685 2 2 0 2 341 313 22
686 2 2 0 2 341 283 313
687 2 2 0 2 261 315 286
688 2 2 0 2 343 315 85
689 2 2 0 2 343 286 315
690 2 2 0 2 262 314 284
691 2 2 0 2 342 314 67
692 2 2 0 2 342 284 314
693 2 2 0 2 320 272 302
694 2 2 0 2 71 320 302
695 2 2 0 2 313 260 310
696 2 2 0 2 268 310 260
697 2 2 0 2 350 256 356
698 2 2 0 2 260 350 356
699 2 2 0 2 351 257 357
700 2 2 0 2 261 351 357
701 2 2 0 2 352 258 358
702 2 2 0 2 262 352 358
703 2 2 0 2 315 261 312
704 2 2 0 2 385 312 261
705 2 2 0 2 312 385 269
706 2 2 0 2 314 262 311
707 2 2 0 2 384 311 262
708 2 2 0 2 311 384 270
709 2 2 0 2 301 26 276
710 2 2 0 2 324 301 276
711 2 2 0 2 301 324 269
712 2 2 0 2 259 362 290
713 2 2 0 2 344 290 362
714 2 2 0 2 344 362 295
715 2 2 0 2 257 360 287
716 2 2 0 2 353 287 360
717 2 2 0 2 353 360 292
718 2 2 0 2 256 359 288
719 2 2 0 2 354 288 359
720 2 2 0 2 354 359 293
721 2 2 0 2 258 361 289
722 2 2 0 2 355 289 361
723 2 2 0 2 355 361 294
724 2 2 0 2 316 275 20
725 2 2 0 2 316 272 275
726 2 2 0 2 320 275 272
727 2 2 0 2 68 377 342
728 2 2 0 2 377 329 342
729 2 2 0 2 23 376 341
730 2 2 0 2 376 328 341
731 2 2 0 2 86 379 343
732 2 2 0 2 379 331 343
733 2 2 0 2 66 311 65
734 2 2 0 2 311 270 65
735 2 2 0 2 84 312 83
736 2 2 0 2 312 269 83
737 2 2 0 2 317 25 26
738 2 2 0 2 301 317 26
739 2 2 0 2 67 314 66
740 2 2 0 2 314 311 66
741 2 2 0 2 85 315 84
742 2 2 0 2 315 312 84
743 2 2 0 2 321 319 79
744 2 2 0 2 303 319 321
745 2 2 0 2 325 322 75
746 2 2 0 2 325 304 322
747 2 2 0 2 71 318 70
748 2 2 0 2 71 302 318
749 2 2 0 3 408 44 45
750 2 2 0 3 409 17 18
751 2 2 0 3 29 410 28
752 2 2 0 3 38 411 37
753 2 2 0 3 424 399 420
754 2 2 0 3 399 424 403
755 2 2 0 3 400 425 421
756 2 2 0 3 425 400 404
757 2 2 0 3 395 434 417
758 2 2 0 3 435 396 418
759 2 2 0 3 405 436 406
760 2 2 0 3 436 405 401
761 2 2 0 3 437 402 398
762 2 2 0 3 403 438 399
763 2 2 0 3 439 404 400
764 2 2 0 3 440 33 34
765 2 2 0 3 440 401 422
766 2 2 0 3 441 42 43
767 2 2 0 3 441 398 423
768 2 2 0 3 442 15 16
769 2 2 0 3 442 403 424
770 2 2 0 3 31 443 30
771 2 2 0 3 404 443 425
772 2 2 0 3 399 444 395
773 2 2 0 3 22 444 21
774 2 2 0 3 445 24 25
775 2 2 0 3 445 400 396
776 2 2 0 3 40 447 39
777 2 2 0 3 406 451 405
778 2 2 0 3 452 401 440
779 2 2 0 3 401 452 436
780 2 2 0 3 34 452 440
781 2 2 0 3 453 398 441
782 2 2 0 3 398 453 437
783 2 2 0 3 43 453 441
784 2 2 0 3 455 25 26
785 2 2 0 3 407 455 26
786 2 2 0 3 399 457 444
787 2 2 0 3 457 399 438
788 2 2 0 3 457 21 444
789 2 2 0 3 458 400 445
790 2 2 0 3 400 458 439
791 2 2 0 3 25 458 445
792 2 2 0 3 459 30 443
793 2 2 0 3 404 459 443
794 2 2 0 3 29 460 410
795 2 2 0 3 455 407 439
796 2 2 0 3 30 459 29
797 2 2 0 3 444 22 434
798 2 2 0 3 395 444 434
799 2 2 0 3 24 445 435
800 2 2 0 3 445 396 435
801 2 2 0 3 11 456 10
802 2 2 0 3 454 35 36
803 2 2 0 3 39 451 38
804 2 2 0 3 450 16 17
805 2 2 0 3 16 450 442
806 2 2 0 3 450 403 442
807 2 2 0 3 451 39 447
808 2 2 0 3 405 451 447
809 2 2 0 3 411 454 36
810 2 2 0 3 456 408 10
811 2 2 0 3 410 27 8
812 2 2 0 3 28 410 8
813 2 2 0 3 10 408 3
814 2 2 0 3 408 45 3
815 2 2 0 3 409 18 7
816 2 2 0 3 19 409 7
817 2 2 0 3 411 36 4
818 2 2 0 3 37 411 4
819 2 2 0 3 459 404 29
820 2 2 0 3 460 29 404
821 2 2 0 3 404 439 407
822 2 2 0 3 407 460 404
823 2 2 0 3 456 11 402
824 2 2 0 3 407 26 27
825 2 2 0 3 27 410 407
826 2 2 0 3 460 407 410
827 2 2 0 3 463 415 419
828 2 2 0 3 468 392 432
829 2 2 0 3 415 470 419
830 2 2 0 3 393 470 433
831 2 2 0 3 391 471 431
832 2 2 0 3 473 418 461
833 2 2 0 3 418 473 435
834 2 2 0 3 417 474 461
835 2 2 0 3 474 417 434
836 2 2 0 3 416 475 462
837 2 2 0 3 419 476 463
838 2 2 0 3 476 41 463
839 2 2 0 3 420 477 424
840 2 2 0 3 478 421 425
841 2 2 0 3 480 391 431
842 2 2 0 3 481 419 470
843 2 2 0 3 419 481 397
844 2 2 0 3 393 481 470
845 2 2 0 3 482 416 471
846 2 2 0 3 416 482 394
847 2 2 0 3 391 482 471
848 2 2 0 3 422 483 440
849 2 2 0 3 483 33 440
850 2 2 0 3 423 484 441
851 2 2 0 3 484 42 441
852 2 2 0 3 485 390 395
853 2 2 0 3 485 417 467
854 2 2 0 3 417 485 395
855 2 2 0 3 390 485 467
856 2 2 0 3 392 486 396
857 2 2 0 3 418 486 468
858 2 2 0 3 486 418 396
859 2 2 0 3 486 392 468
860 2 2 0 3 392 487 432
861 2 2 0 3 488 393 433
862 2 2 0 3 394 489 398
863 2 2 0 3 423 489 391
864 2 2 0 3 489 423 398
865 2 2 0 3 397 490 401
866 2 2 0 3 422 490 393
867 2 2 0 3 490 422 401
868 2 2 0 3 491 427 487
869 2 2 0 3 392 491 487
870 2 2 0 3 428 492 488
871 2 2 0 3 492 393 488
872 2 2 0 3 493 412 466
873 2 2 0 3 493 431 471
874 2 2 0 3 431 493 466
875 2 2 0 3 412 493 471
876 2 2 0 3 429 494 480
877 2 2 0 3 494 391 480
878 2 2 0 3 426 495 479
879 2 2 0 3 495 390 479
880 2 2 0 3 496 412 462
881 2 2 0 3 496 426 479
882 2 2 0 3 426 496 462
883 2 2 0 3 412 496 479
884 2 2 0 3 497 413 468
885 2 2 0 3 497 432 472
886 2 2 0 3 432 497 468
887 2 2 0 3 413 497 472
888 2 2 0 3 498 415 463
889 2 2 0 3 498 429 480
890 2 2 0 3 429 498 463
891 2 2 0 3 415 498 480
892 2 2 0 3 499 415 469
893 2 2 0 3 499 433 470
894 2 2 0 3 433 499 469
895 2 2 0 3 415 499 470
896 2 2 0 3 413 500 467
897 2 2 0 3 430 500 472
898 2 2 0 3 500 430 467
899 2 2 0 3 500 413 472
900 2 2 0 3 414 501 465
901 2 2 0 3 433 501 488
902 2 2 0 3 501 433 465
903 2 2 0 3 501 414 488
904 2 2 0 3 412 502 466
905 2 2 0 3 430 502 479
906 2 2 0 3 502 430 466
907 2 2 0 3 502 412 479
908 2 2 0 3 503 414 465
909 2 2 0 3 503 432 487
910 2 2 0 3 432 503 465
911 2 2 0 3 414 503 487
912 2 2 0 3 415 504 469
913 2 2 0 3 431 504 480
914 2 2 0 3 504 431 469
915 2 2 0 3 504 415 480
916 2 2 0 3 413 505 461
917 2 2 0 3 417 505 467
918 2 2 0 3 505 417 461
919 2 2 0 3 505 413 467
920 2 2 0 3 506 413 461
921 2 2 0 3 506 418 468
922 2 2 0 3 418 506 461
923 2 2 0 3 413 506 468
924 2 2 0 3 395 507 399
925 2 2 0 3 420 507 390
926 2 2 0 3 507 420 399
927 2 2 0 3 507 395 390
928 2 2 0 3 508 396 400
929 2 2 0 3 508 421 392
930 2 2 0 3 421 508 400
931 2 2 0 3 396 508 392
932 2 2 0 3 509 14 15
933 2 2 0 3 509 426 462
934 2 2 0 3 426 509 15
935 2 2 0 3 510 389 465
936 2 2 0 3 510 433 469
937 2 2 0 3 433 510 465
938 2 2 0 3 389 510 469
939 2 2 0 3 511 41 42
940 2 2 0 3 511 429 463
941 2 2 0 3 429 511 42
942 2 2 0 3 41 511 463
943 2 2 0 3 512 32 33
944 2 2 0 3 512 428 464
945 2 2 0 3 428 512 33
946 2 2 0 3 32 512 464
947 2 2 0 3 32 513 31
948 2 2 0 3 427 513 464
949 2 2 0 3 513 427 31
950 2 2 0 3 513 32 464
951 2 2 0 3 389 514 466
952 2 2 0 3 431 514 469
953 2 2 0 3 514 431 466
954 2 2 0 3 514 389 469
955 2 2 0 3 389 515 465
956 2 2 0 3 432 515 472
957 2 2 0 3 515 432 465
958 2 2 0 3 515 389 472
959 2 2 0 3 516 389 466
960 2 2 0 3 516 430 472
961 2 2 0 3 430 516 466
962 2 2 0 3 389 516 472
963 2 2 0 3 517 398 402
964 2 2 0 3 398 517 394
965 2 2 0 3 414 518 464
966 2 2 0 3 427 518 487
967 2 2 0 3 518 427 464
968 2 2 0 3 518 414 487
969 2 2 0 3 519 414 464
970 2 2 0 3 519 428 488
971 2 2 0 3 428 519 464
972 2 2 0 3 414 519 488
973 2 2 0 3 520 390 467
974 2 2 0 3 520 430 479
975 2 2 0 3 430 520 467
976 2 2 0 3 390 520 479
977 2 2 0 3 412 521 462
978 2 2 0 3 416 521 471
979 2 2 0 3 521 416 462
980 2 2 0 3 521 412 471
981 2 2 0 3 477 15 442
982 2 2 0 3 424 477 442
983 2 2 0 3 31 478 443
984 2 2 0 3 478 425 443
985 2 2 0 3 33 483 428
986 2 2 0 3 42 484 429
987 2 2 0 3 401 405 397
988 2 2 0 3 478 31 427
989 2 2 0 3 15 477 426
990 2 2 0 3 40 449 447
991 2 2 0 3 21 457 20
992 2 2 0 3 457 438 20
993 2 2 0 3 41 476 40
994 2 2 0 3 14 475 13
995 2 2 0 3 473 23 24
996 2 2 0 3 435 473 24
997 2 2 0 3 23 474 22
998 2 2 0 3 474 434 22
999 2 2 0 3 397 449 419
1000 2 2 0 3 476 449 40
1001 2 2 0 3 476 419 449
1002 2 2 0 3 394 448 416
1003 2 2 0 3 475 448 13
1004 2 2 0 3 475 416 448
1005 2 2 0 3 454 406 436
1006 2 2 0 3 35 454 436
1007 2 2 0 3 449 397 447
1008 2 2 0 3 405 447 397
1009 2 2 0 3 482 391 489
1010 2 2 0 3 394 482 489
1011 2 2 0 3 481 393 490
1012 2 2 0 3 397 481 490
1013 2 2 0 3 448 394 446
1014 2 2 0 3 517 446 394
1015 2 2 0 3 446 517 402
1016 2 2 0 3 437 44 408
1017 2 2 0 3 456 437 408
1018 2 2 0 3 437 456 402
1019 2 2 0 3 491 392 421
1020 2 2 0 3 421 478 491
1021 2 2 0 3 491 478 427
1022 2 2 0 3 390 495 420
1023 2 2 0 3 477 420 495
1024 2 2 0 3 477 495 426
1025 2 2 0 3 403 450 17
1026 2 2 0 3 403 17 409
1027 2 2 0 3 393 492 422
1028 2 2 0 3 483 422 492
1029 2 2 0 3 483 492 428
1030 2 2 0 3 391 494 423
1031 2 2 0 3 484 423 494
1032 2 2 0 3 484 494 429
1033 2 2 0 3 451 411 38
1034 2 2 0 3 451 406 411
1035 2 2 0 3 454 411 406
1036 2 2 0 3 14 509 475
1037 2 2 0 3 509 462 475
1038 2 2 0 3 12 446 11
1039 2 2 0 3 446 402 11
1040 2 2 0 3 20 438 19
1041 2 2 0 3 438 409 19
1042 2 2 0 3 438 403 409
1043 2 2 0 3 453 43 44
1044 2 2 0 3 437 453 44
1045 2 2 0 3 13 448 12
1046 2 2 0 3 448 446 12
1047 2 2 0 3 474 23 473
1048 2 2 0 3 461 474 473
1049 2 2 0 3 455 458 25
1050 2 2 0 3 439 458 455
1051 2 2 0 3 35 452 34
1052 2 2 0 3 35 436 452
1053 2 2 0 4 38 542 37
1054 2 2 0 4 47 543 46
1055 2 2 0 4 107 544 108
1056 2 2 0 4 545 101 100
1057 2 2 0 4 558 533 555
1058 2 2 0 4 533 558 537
1059 2 2 0 4 559 531 557
1060 2 2 0 4 531 559 535
1061 2 2 0 4 527 568 550
1062 2 2 0 4 529 569 552
1063 2 2 0 4 570 536 532
1064 2 2 0 4 571 538 534
1065 2 2 0 4 535 572 531
1066 2 2 0 4 537 573 533
1067 2 2 0 4 574 42 43
1068 2 2 0 4 574 532 554
1069 2 2 0 4 575 103 102
1070 2 2 0 4 575 534 556
1071 2 2 0 4 576 51 52
1072 2 2 0 4 576 537 558
1073 2 2 0 4 577 114 115
1074 2 2 0 4 577 535 559
1075 2 2 0 4 40 578 39
1076 2 2 0 4 531 578 527
1077 2 2 0 4 533 579 529
1078 2 2 0 4 105 579 106
1079 2 2 0 4 585 532 574
1080 2 2 0 4 532 585 570
1081 2 2 0 4 43 585 574
1082 2 2 0 4 586 534 575
1083 2 2 0 4 534 586 571
1084 2 2 0 4 102 586 575
1085 2 2 0 4 587 43 44
1086 2 2 0 4 540 587 44
1087 2 2 0 4 106 588 107
1088 2 2 0 4 588 541 107
1089 2 2 0 4 531 591 578
1090 2 2 0 4 591 531 572
1091 2 2 0 4 591 39 578
1092 2 2 0 4 533 592 579
1093 2 2 0 4 592 533 573
1094 2 2 0 4 592 106 579
1095 2 2 0 4 52 593 576
1096 2 2 0 4 593 537 576
1097 2 2 0 4 47 594 543
1098 2 2 0 4 541 588 573
1099 2 2 0 4 593 52 53
1100 2 2 0 4 587 540 570
1101 2 2 0 4 578 40 568
1102 2 2 0 4 527 578 568
1103 2 2 0 4 579 105 569
1104 2 2 0 4 529 579 569
1105 2 2 0 4 110 590 109
1106 2 2 0 4 589 53 54
1107 2 2 0 4 584 115 116
1108 2 2 0 4 539 584 116
1109 2 2 0 4 115 584 577
1110 2 2 0 4 584 535 577
1111 2 2 0 4 544 589 54
1112 2 2 0 4 541 589 544
1113 2 2 0 4 590 545 109
1114 2 2 0 4 37 542 4
1115 2 2 0 4 542 117 4
1116 2 2 0 4 543 45 3
1117 2 2 0 4 46 543 3
1118 2 2 0 4 545 100 5
1119 2 2 0 4 109 545 5
1120 2 2 0 4 544 54 2
1121 2 2 0 4 108 544 2
1122 2 2 0 4 53 589 537
1123 2 2 0 4 537 593 53
1124 2 2 0 4 589 541 537
1125 2 2 0 4 573 537 541
1126 2 2 0 4 594 47 536
1127 2 2 0 4 536 570 540
1128 2 2 0 4 540 594 536
1129 2 2 0 4 590 110 538
1130 2 2 0 4 540 44 45
1131 2 2 0 4 45 543 540
1132 2 2 0 4 594 540 543
1133 2 2 0 4 539 116 117
1134 2 2 0 4 117 542 539
1135 2 2 0 4 572 535 539
1136 2 2 0 4 584 539 535
1137 2 2 0 4 595 546 550
1138 2 2 0 4 597 548 552
1139 2 2 0 4 523 603 564
1140 2 2 0 4 546 604 550
1141 2 2 0 4 524 604 565
1142 2 2 0 4 548 605 552
1143 2 2 0 4 525 605 566
1144 2 2 0 4 526 606 567
1145 2 2 0 4 550 607 595
1146 2 2 0 4 607 550 568
1147 2 2 0 4 607 41 595
1148 2 2 0 4 552 608 597
1149 2 2 0 4 608 552 569
1150 2 2 0 4 608 104 597
1151 2 2 0 4 551 609 596
1152 2 2 0 4 553 610 598
1153 2 2 0 4 555 611 558
1154 2 2 0 4 557 612 559
1155 2 2 0 4 613 523 564
1156 2 2 0 4 614 524 565
1157 2 2 0 4 615 525 566
1158 2 2 0 4 616 526 567
1159 2 2 0 4 617 524 527
1160 2 2 0 4 617 550 604
1161 2 2 0 4 550 617 527
1162 2 2 0 4 524 617 604
1163 2 2 0 4 618 525 529
1164 2 2 0 4 618 552 605
1165 2 2 0 4 552 618 529
1166 2 2 0 4 525 618 605
1167 2 2 0 4 619 551 603
1168 2 2 0 4 551 619 528
1169 2 2 0 4 523 619 603
1170 2 2 0 4 620 553 606
1171 2 2 0 4 553 620 530
1172 2 2 0 4 526 620 606
1173 2 2 0 4 554 621 574
1174 2 2 0 4 621 42 574
1175 2 2 0 4 556 622 575
1176 2 2 0 4 622 103 575
1177 2 2 0 4 528 623 532
1178 2 2 0 4 554 623 523
1179 2 2 0 4 623 554 532
1180 2 2 0 4 530 624 534
1181 2 2 0 4 556 624 526
1182 2 2 0 4 624 556 534
1183 2 2 0 4 560 625 613
1184 2 2 0 4 625 523 613
1185 2 2 0 4 563 626 614
1186 2 2 0 4 626 524 614
1187 2 2 0 4 561 627 615
1188 2 2 0 4 627 525 615
1189 2 2 0 4 562 628 616
1190 2 2 0 4 628 526 616
1191 2 2 0 4 629 546 599
1192 2 2 0 4 629 565 604
1193 2 2 0 4 565 629 599
1194 2 2 0 4 546 629 604
1195 2 2 0 4 630 547 600
1196 2 2 0 4 630 564 603
1197 2 2 0 4 564 630 600
1198 2 2 0 4 547 630 603
1199 2 2 0 4 631 548 601
1200 2 2 0 4 631 566 605
1201 2 2 0 4 566 631 601
1202 2 2 0 4 548 631 605
1203 2 2 0 4 632 549 602
1204 2 2 0 4 632 567 606
1205 2 2 0 4 567 632 602
1206 2 2 0 4 549 632 606
1207 2 2 0 4 633 546 595
1208 2 2 0 4 633 560 613
1209 2 2 0 4 560 633 595
1210 2 2 0 4 546 633 613
1211 2 2 0 4 634 547 596
1212 2 2 0 4 634 561 615
1213 2 2 0 4 561 634 596
1214 2 2 0 4 547 634 615
1215 2 2 0 4 635 548 597
1216 2 2 0 4 635 562 616
1217 2 2 0 4 562 635 597
1218 2 2 0 4 548 635 616
1219 2 2 0 4 636 549 598
1220 2 2 0 4 636 563 614
1221 2 2 0 4 563 636 598
1222 2 2 0 4 549 636 614
1223 2 2 0 4 546 637 599
1224 2 2 0 4 564 637 613
1225 2 2 0 4 637 564 599
1226 2 2 0 4 637 546 613
1227 2 2 0 4 547 638 600
1228 2 2 0 4 566 638 615
1229 2 2 0 4 638 566 600
1230 2 2 0 4 638 547 615
1231 2 2 0 4 548 639 601
1232 2 2 0 4 567 639 616
1233 2 2 0 4 639 567 601
1234 2 2 0 4 639 548 616
1235 2 2 0 4 549 640 602
1236 2 2 0 4 565 640 614
1237 2 2 0 4 640 565 602
1238 2 2 0 4 640 549 614
1239 2 2 0 4 527 641 531
1240 2 2 0 4 557 641 524
1241 2 2 0 4 641 557 531
1242 2 2 0 4 641 527 524
1243 2 2 0 4 529 642 533
1244 2 2 0 4 555 642 525
1245 2 2 0 4 642 555 533
1246 2 2 0 4 642 529 525
1247 2 2 0 4 643 41 42
1248 2 2 0 4 643 560 595
1249 2 2 0 4 560 643 42
1250 2 2 0 4 41 643 595
1251 2 2 0 4 644 50 51
1252 2 2 0 4 644 561 596
1253 2 2 0 4 561 644 51
1254 2 2 0 4 645 104 103
1255 2 2 0 4 645 562 597
1256 2 2 0 4 562 645 103
1257 2 2 0 4 104 645 597
1258 2 2 0 4 646 113 114
1259 2 2 0 4 646 563 598
1260 2 2 0 4 563 646 114
1261 2 2 0 4 647 522 599
1262 2 2 0 4 647 564 600
1263 2 2 0 4 564 647 599
1264 2 2 0 4 522 647 600
1265 2 2 0 4 522 648 599
1266 2 2 0 4 565 648 602
1267 2 2 0 4 648 565 599
1268 2 2 0 4 648 522 602
1269 2 2 0 4 649 522 600
1270 2 2 0 4 649 566 601
1271 2 2 0 4 566 649 600
1272 2 2 0 4 522 649 601
1273 2 2 0 4 650 522 601
1274 2 2 0 4 650 567 602
1275 2 2 0 4 567 650 601
1276 2 2 0 4 522 650 602
1277 2 2 0 4 651 532 536
1278 2 2 0 4 532 651 528
1279 2 2 0 4 652 534 538
1280 2 2 0 4 534 652 530
1281 2 2 0 4 547 653 596
1282 2 2 0 4 551 653 603
1283 2 2 0 4 653 551 596
1284 2 2 0 4 653 547 603
1285 2 2 0 4 549 654 598
1286 2 2 0 4 553 654 606
1287 2 2 0 4 654 553 598
1288 2 2 0 4 654 549 606
1289 2 2 0 4 612 114 577
1290 2 2 0 4 559 612 577
1291 2 2 0 4 611 51 576
1292 2 2 0 4 558 611 576
1293 2 2 0 4 42 621 560
1294 2 2 0 4 103 622 562
1295 2 2 0 4 51 611 561
1296 2 2 0 4 114 612 563
1297 2 2 0 4 107 541 544
1298 2 2 0 4 39 591 38
1299 2 2 0 4 591 572 38
1300 2 2 0 4 50 609 49
1301 2 2 0 4 113 610 112
1302 2 2 0 4 41 607 40
1303 2 2 0 4 607 568 40
1304 2 2 0 4 104 608 105
1305 2 2 0 4 608 569 105
1306 2 2 0 4 530 583 553
1307 2 2 0 4 610 583 112
1308 2 2 0 4 610 553 583
1309 2 2 0 4 528 582 551
1310 2 2 0 4 609 582 49
1311 2 2 0 4 609 551 582
1312 2 2 0 4 619 523 623
1313 2 2 0 4 528 619 623
1314 2 2 0 4 620 526 624
1315 2 2 0 4 530 620 624
1316 2 2 0 4 583 530 581
1317 2 2 0 4 652 581 530
1318 2 2 0 4 581 652 538
1319 2 2 0 4 582 528 580
1320 2 2 0 4 651 580 528
1321 2 2 0 4 580 651 536
1322 2 2 0 4 38 572 542
1323 2 2 0 4 572 539 542
1324 2 2 0 4 571 101 545
1325 2 2 0 4 590 571 545
1326 2 2 0 4 571 590 538
1327 2 2 0 4 525 627 555
1328 2 2 0 4 611 555 627
1329 2 2 0 4 611 627 561
1330 2 2 0 4 524 626 557
1331 2 2 0 4 612 557 626
1332 2 2 0 4 612 626 563
1333 2 2 0 4 523 625 554
1334 2 2 0 4 621 554 625
1335 2 2 0 4 621 625 560
1336 2 2 0 4 526 628 556
1337 2 2 0 4 622 556 628
1338 2 2 0 4 622 628 562
1339 2 2 0 4 113 646 610
1340 2 2 0 4 646 598 610
1341 2 2 0 4 50 644 609
1342 2 2 0 4 644 596 609
1343 2 2 0 4 48 580 47
1344 2 2 0 4 580 536 47
1345 2 2 0 4 111 581 110
1346 2 2 0 4 581 538 110
1347 2 2 0 4 586 102 101
1348 2 2 0 4 571 586 101
1349 2 2 0 4 49 582 48
1350 2 2 0 4 582 580 48
1351 2 2 0 4 112 583 111
1352 2 2 0 4 583 581 111
1353 2 2 0 4 587 585 43
1354 2 2 0 4 570 585 587
1355 2 2 0 4 592 588 106
1356 2 2 0 4 592 573 588
1357 2 2 0 5 674 47 46
1358 2 2 0 5 675 17 18
1359 2 2 0 5 676 56 55
1360 2 2 0 5 677 65 64
1361 2 2 0 5 666 690 688
1362 2 2 0 5 690 666 670
1363 2 2 0 5 691 667 689
1364 2 2 0 5 667 691 671
1365 2 2 0 5 700 662 683
1366 2 2 0 5 663 701 684
1367 2 2 0 5 702 669 665
1368 2 2 0 5 703 668 664
1369 2 2 0 5 704 670 666
1370 2 2 0 5 671 705 667
1371 2 2 0 5 706 15 16
1372 2 2 0 5 706 665 686
1373 2 2 0 5 707 49 48
1374 2 2 0 5 707 664 687
1375 2 2 0 5 51 708 52
1376 2 2 0 5 670 708 690
1377 2 2 0 5 709 67 66
1378 2 2 0 5 709 671 691
1379 2 2 0 5 710 666 662
1380 2 2 0 5 710 58 57
1381 2 2 0 5 60 711 61
1382 2 2 0 5 667 711 663
1383 2 2 0 5 717 665 706
1384 2 2 0 5 665 717 702
1385 2 2 0 5 16 717 706
1386 2 2 0 5 718 664 707
1387 2 2 0 5 664 718 703
1388 2 2 0 5 48 718 707
1389 2 2 0 5 719 57 56
1390 2 2 0 5 673 719 56
1391 2 2 0 5 722 666 710
1392 2 2 0 5 666 722 704
1393 2 2 0 5 57 722 710
1394 2 2 0 5 667 723 711
1395 2 2 0 5 723 667 705
1396 2 2 0 5 723 61 711
1397 2 2 0 5 724 52 708
1398 2 2 0 5 670 724 708
1399 2 2 0 5 719 673 704
1400 2 2 0 5 52 724 53
1401 2 2 0 5 58 710 700
1402 2 2 0 5 710 662 700
1403 2 2 0 5 711 60 701
1404 2 2 0 5 663 711 701
1405 2 2 0 5 11 721 10
1406 2 2 0 5 53 720 54
1407 2 2 0 5 70 716 71
1408 2 2 0 5 716 672 71
1409 2 2 0 5 715 66 65
1410 2 2 0 5 66 715 709
1411 2 2 0 5 715 671 709
1412 2 2 0 5 720 676 54
1413 2 2 0 5 720 673 676
1414 2 2 0 5 721 674 10
1415 2 2 0 5 675 18 7
1416 2 2 0 5 72 675 7
1417 2 2 0 5 10 674 3
1418 2 2 0 5 674 46 3
1419 2 2 0 5 54 676 2
1420 2 2 0 5 676 55 2
1421 2 2 0 5 63 677 6
1422 2 2 0 5 677 64 6
1423 2 2 0 5 720 53 670
1424 2 2 0 5 724 670 53
1425 2 2 0 5 673 720 670
1426 2 2 0 5 670 704 673
1427 2 2 0 5 721 11 668
1428 2 2 0 5 71 672 72
1429 2 2 0 5 675 72 672
1430 2 2 0 5 727 678 682
1431 2 2 0 5 732 658 698
1432 2 2 0 5 678 734 682
1433 2 2 0 5 656 734 696
1434 2 2 0 5 657 735 697
1435 2 2 0 5 737 683 725
1436 2 2 0 5 683 737 700
1437 2 2 0 5 684 738 725
1438 2 2 0 5 738 684 701
1439 2 2 0 5 685 739 726
1440 2 2 0 5 682 740 727
1441 2 2 0 5 740 14 727
1442 2 2 0 5 741 688 690
1443 2 2 0 5 689 742 691
1444 2 2 0 5 744 657 697
1445 2 2 0 5 745 682 734
1446 2 2 0 5 682 745 660
1447 2 2 0 5 656 745 734
1448 2 2 0 5 746 685 735
1449 2 2 0 5 685 746 661
1450 2 2 0 5 657 746 735
1451 2 2 0 5 686 747 706
1452 2 2 0 5 747 15 706
1453 2 2 0 5 687 748 707
1454 2 2 0 5 748 49 707
1455 2 2 0 5 749 659 663
1456 2 2 0 5 749 684 731
1457 2 2 0 5 684 749 663
1458 2 2 0 5 659 749 731
1459 2 2 0 5 658 750 662
1460 2 2 0 5 683 750 732
1461 2 2 0 5 750 683 662
1462 2 2 0 5 750 658 732
1463 2 2 0 5 658 751 698
1464 2 2 0 5 752 656 696
1465 2 2 0 5 660 753 664
1466 2 2 0 5 687 753 656
1467 2 2 0 5 753 687 664
1468 2 2 0 5 661 754 665
1469 2 2 0 5 686 754 657
1470 2 2 0 5 754 686 665
1471 2 2 0 5 755 694 751
1472 2 2 0 5 658 755 751
1473 2 2 0 5 693 756 752
1474 2 2 0 5 756 656 752
1475 2 2 0 5 757 681 730
1476 2 2 0 5 757 697 735
1477 2 2 0 5 697 757 730
1478 2 2 0 5 681 757 735
1479 2 2 0 5 692 758 744
1480 2 2 0 5 758 657 744
1481 2 2 0 5 695 759 743
1482 2 2 0 5 759 659 743
1483 2 2 0 5 760 681 726
1484 2 2 0 5 760 695 743
1485 2 2 0 5 695 760 726
1486 2 2 0 5 681 760 743
1487 2 2 0 5 761 680 732
1488 2 2 0 5 761 698 736
1489 2 2 0 5 698 761 732
1490 2 2 0 5 680 761 736
1491 2 2 0 5 762 678 727
1492 2 2 0 5 762 692 744
1493 2 2 0 5 692 762 727
1494 2 2 0 5 678 762 744
1495 2 2 0 5 763 678 733
1496 2 2 0 5 763 696 734
1497 2 2 0 5 696 763 733
1498 2 2 0 5 678 763 734
1499 2 2 0 5 680 764 731
1500 2 2 0 5 699 764 736
1501 2 2 0 5 764 699 731
1502 2 2 0 5 764 680 736
1503 2 2 0 5 679 765 729
1504 2 2 0 5 696 765 752
1505 2 2 0 5 765 696 729
1506 2 2 0 5 765 679 752
1507 2 2 0 5 681 766 730
1508 2 2 0 5 699 766 743
1509 2 2 0 5 766 699 730
1510 2 2 0 5 766 681 743
1511 2 2 0 5 767 679 729
1512 2 2 0 5 767 698 751
1513 2 2 0 5 698 767 729
1514 2 2 0 5 679 767 751
1515 2 2 0 5 678 768 733
1516 2 2 0 5 697 768 744
1517 2 2 0 5 768 697 733
1518 2 2 0 5 768 678 744
1519 2 2 0 5 680 769 725
1520 2 2 0 5 684 769 731
1521 2 2 0 5 769 684 725
1522 2 2 0 5 769 680 731
1523 2 2 0 5 770 680 725
1524 2 2 0 5 770 683 732
1525 2 2 0 5 683 770 725
1526 2 2 0 5 680 770 732
1527 2 2 0 5 771 662 666
1528 2 2 0 5 771 688 658
1529 2 2 0 5 688 771 666
1530 2 2 0 5 662 771 658
1531 2 2 0 5 663 772 667
1532 2 2 0 5 689 772 659
1533 2 2 0 5 772 689 667
1534 2 2 0 5 772 663 659
1535 2 2 0 5 773 68 67
1536 2 2 0 5 773 695 726
1537 2 2 0 5 695 773 67
1538 2 2 0 5 774 655 729
1539 2 2 0 5 774 696 733
1540 2 2 0 5 696 774 729
1541 2 2 0 5 655 774 733
1542 2 2 0 5 775 14 15
1543 2 2 0 5 775 692 727
1544 2 2 0 5 692 775 15
1545 2 2 0 5 14 775 727
1546 2 2 0 5 776 50 49
1547 2 2 0 5 776 693 728
1548 2 2 0 5 693 776 49
1549 2 2 0 5 50 776 728
1550 2 2 0 5 50 777 51
1551 2 2 0 5 694 777 728
1552 2 2 0 5 777 694 51
1553 2 2 0 5 777 50 728
1554 2 2 0 5 655 778 730
1555 2 2 0 5 697 778 733
1556 2 2 0 5 778 697 730
1557 2 2 0 5 778 655 733
1558 2 2 0 5 655 779 729
1559 2 2 0 5 698 779 736
1560 2 2 0 5 779 698 729
1561 2 2 0 5 779 655 736
1562 2 2 0 5 780 655 730
1563 2 2 0 5 780 699 736
1564 2 2 0 5 699 780 730
1565 2 2 0 5 655 780 736
1566 2 2 0 5 781 664 668
1567 2 2 0 5 664 781 660
1568 2 2 0 5 679 782 728
1569 2 2 0 5 694 782 751
1570 2 2 0 5 782 694 728
1571 2 2 0 5 782 679 751
1572 2 2 0 5 783 679 728
1573 2 2 0 5 783 693 752
1574 2 2 0 5 693 783 728
1575 2 2 0 5 679 783 752
1576 2 2 0 5 784 659 731
1577 2 2 0 5 784 699 743
1578 2 2 0 5 699 784 731
1579 2 2 0 5 659 784 743
1580 2 2 0 5 681 785 726
1581 2 2 0 5 685 785 735
1582 2 2 0 5 785 685 726
1583 2 2 0 5 785 681 735
1584 2 2 0 5 742 67 709
1585 2 2 0 5 691 742 709
1586 2 2 0 5 51 741 708
1587 2 2 0 5 741 690 708
1588 2 2 0 5 49 748 693
1589 2 2 0 5 15 747 692
1590 2 2 0 5 665 669 661
1591 2 2 0 5 741 51 694
1592 2 2 0 5 67 742 695
1593 2 2 0 5 673 56 676
1594 2 2 0 5 61 723 62
1595 2 2 0 5 723 705 62
1596 2 2 0 5 14 740 13
1597 2 2 0 5 68 739 69
1598 2 2 0 5 737 59 58
1599 2 2 0 5 700 737 58
1600 2 2 0 5 59 738 60
1601 2 2 0 5 738 701 60
1602 2 2 0 5 661 714 685
1603 2 2 0 5 739 714 69
1604 2 2 0 5 739 685 714
1605 2 2 0 5 660 713 682
1606 2 2 0 5 740 713 13
1607 2 2 0 5 740 682 713
1608 2 2 0 5 746 657 754
1609 2 2 0 5 661 746 754
1610 2 2 0 5 745 656 753
1611 2 2 0 5 660 745 753
1612 2 2 0 5 713 660 712
1613 2 2 0 5 781 712 660
1614 2 2 0 5 712 781 668
1615 2 2 0 5 703 47 674
1616 2 2 0 5 721 703 674
1617 2 2 0 5 703 721 668
1618 2 2 0 5 755 658 688
1619 2 2 0 5 688 741 755
1620 2 2 0 5 755 741 694
1621 2 2 0 5 659 759 689
1622 2 2 0 5 742 689 759
1623 2 2 0 5 742 759 695
1624 2 2 0 5 671 715 65
1625 2 2 0 5 671 65 677
1626 2 2 0 5 656 756 687
1627 2 2 0 5 748 687 756
1628 2 2 0 5 748 756 693
1629 2 2 0 5 657 758 686
1630 2 2 0 5 747 686 758
1631 2 2 0 5 747 758 692
1632 2 2 0 5 13 786 12
1633 2 2 0 5 712 786 713
1634 2 2 0 5 786 712 12
1635 2 2 0 5 786 13 713
1636 2 2 0 5 68 773 739
1637 2 2 0 5 773 726 739
1638 2 2 0 5 12 712 11
1639 2 2 0 5 712 668 11
1640 2 2 0 5 669 702 672
1641 2 2 0 5 672 716 669
1642 2 2 0 5 62 705 63
1643 2 2 0 5 705 677 63
1644 2 2 0 5 705 671 677
1645 2 2 0 5 718 48 47
1646 2 2 0 5 703 718 47
1647 2 2 0 5 717 16 17
1648 2 2 0 5 702 717 17
1649 2 2 0 5 69 714 70
1650 2 2 0 5 738 59 737
1651 2 2 0 5 725 738 737
1652 2 2 0 5 702 17 675
1653 2 2 0 5 672 702 675
1654 2 2 0 5 669 716 661
1655 2 2 0 5 714 716 70
1656 2 2 0 5 714 661 716
1657 2 2 0 5 719 722 57
1658 2 2 0 5 704 722 719
1659 2 2 0 6 806 83 82
1660 2 2 0 6 807 35 36
1661 2 2 0 6 808 92 91
1662 2 2 0 6 809 110 109
1663 2 2 0 6 830 800 796
1664 2 2 0 6 831 802 798
1665 2 2 0 6 832 803 804
1666 2 2 0 6 803 832 799
1667 2 2 0 6 801 833 797
1668 2 2 0 6 834 85 84
1669 2 2 0 6 834 796 818
1670 2 2 0 6 835 94 93
1671 2 2 0 6 835 798 819
1672 2 2 0 6 96 836 97
1673 2 2 0 6 799 836 820
1674 2 2 0 6 114 837 115
1675 2 2 0 6 797 837 821
1676 2 2 0 6 846 804 803
1677 2 2 0 6 847 796 834
1678 2 2 0 6 796 847 830
1679 2 2 0 6 84 847 834
1680 2 2 0 6 848 798 835
1681 2 2 0 6 798 848 831
1682 2 2 0 6 93 848 835
1683 2 2 0 6 799 849 836
1684 2 2 0 6 849 799 832
1685 2 2 0 6 849 97 836
1686 2 2 0 6 797 850 837
1687 2 2 0 6 850 797 833
1688 2 2 0 6 850 115 837
1689 2 2 0 6 115 852 116
1690 2 2 0 6 852 805 116
1691 2 2 0 6 855 35 807
1692 2 2 0 6 805 852 833
1693 2 2 0 6 29 853 28
1694 2 2 0 6 89 854 90
1695 2 2 0 6 98 851 99
1696 2 2 0 6 846 111 110
1697 2 2 0 6 111 846 841
1698 2 2 0 6 846 803 841
1699 2 2 0 6 851 809 99
1700 2 2 0 6 853 806 28
1701 2 2 0 6 854 808 90
1702 2 2 0 6 807 36 4
1703 2 2 0 6 117 807 4
1704 2 2 0 6 28 806 8
1705 2 2 0 6 806 82 8
1706 2 2 0 6 90 808 9
1707 2 2 0 6 808 91 9
1708 2 2 0 6 99 809 5
1709 2 2 0 6 809 109 5
1710 2 2 0 6 853 29 800
1711 2 2 0 6 35 855 801
1712 2 2 0 6 833 801 805
1713 2 2 0 6 855 805 801
1714 2 2 0 6 854 89 802
1715 2 2 0 6 116 805 117
1716 2 2 0 6 807 117 805
1717 2 2 0 6 805 855 807
1718 2 2 0 6 857 811 816
1719 2 2 0 6 813 858 817
1720 2 2 0 6 811 866 816
1721 2 2 0 6 790 866 828
1722 2 2 0 6 867 813 817
1723 2 2 0 6 867 791 829
1724 2 2 0 6 814 868 856
1725 2 2 0 6 869 815 856
1726 2 2 0 6 816 870 857
1727 2 2 0 6 870 86 857
1728 2 2 0 6 871 817 858
1729 2 2 0 6 113 871 858
1730 2 2 0 6 874 816 866
1731 2 2 0 6 816 874 794
1732 2 2 0 6 790 874 866
1733 2 2 0 6 817 875 867
1734 2 2 0 6 875 817 795
1735 2 2 0 6 875 791 867
1736 2 2 0 6 818 876 834
1737 2 2 0 6 876 85 834
1738 2 2 0 6 819 877 835
1739 2 2 0 6 877 94 835
1740 2 2 0 6 878 820 836
1741 2 2 0 6 96 878 836
1742 2 2 0 6 879 821 837
1743 2 2 0 6 114 879 837
1744 2 2 0 6 880 814 861
1745 2 2 0 6 814 880 792
1746 2 2 0 6 788 880 861
1747 2 2 0 6 815 881 862
1748 2 2 0 6 881 815 793
1749 2 2 0 6 881 789 862
1750 2 2 0 6 882 790 828
1751 2 2 0 6 791 883 829
1752 2 2 0 6 792 884 796
1753 2 2 0 6 818 884 788
1754 2 2 0 6 884 818 796
1755 2 2 0 6 885 793 797
1756 2 2 0 6 885 821 789
1757 2 2 0 6 821 885 797
1758 2 2 0 6 794 886 798
1759 2 2 0 6 819 886 790
1760 2 2 0 6 886 819 798
1761 2 2 0 6 887 795 799
1762 2 2 0 6 887 820 791
1763 2 2 0 6 820 887 799
1764 2 2 0 6 823 888 882
1765 2 2 0 6 888 790 882
1766 2 2 0 6 889 824 883
1767 2 2 0 6 791 889 883
1768 2 2 0 6 822 890 872
1769 2 2 0 6 890 788 872
1770 2 2 0 6 891 825 873
1771 2 2 0 6 789 891 873
1772 2 2 0 6 892 811 863
1773 2 2 0 6 892 828 866
1774 2 2 0 6 828 892 863
1775 2 2 0 6 811 892 866
1776 2 2 0 6 813 893 864
1777 2 2 0 6 829 893 867
1778 2 2 0 6 893 829 864
1779 2 2 0 6 893 813 867
1780 2 2 0 6 894 811 857
1781 2 2 0 6 894 822 872
1782 2 2 0 6 822 894 857
1783 2 2 0 6 811 894 872
1784 2 2 0 6 813 895 858
1785 2 2 0 6 825 895 873
1786 2 2 0 6 895 825 858
1787 2 2 0 6 895 813 873
1788 2 2 0 6 810 896 861
1789 2 2 0 6 826 896 865
1790 2 2 0 6 896 826 861
1791 2 2 0 6 896 810 865
1792 2 2 0 6 897 810 862
1793 2 2 0 6 897 827 865
1794 2 2 0 6 827 897 862
1795 2 2 0 6 810 897 865
1796 2 2 0 6 812 898 860
1797 2 2 0 6 828 898 882
1798 2 2 0 6 898 828 860
1799 2 2 0 6 898 812 882
1800 2 2 0 6 899 812 860
1801 2 2 0 6 899 829 883
1802 2 2 0 6 829 899 860
1803 2 2 0 6 812 899 883
1804 2 2 0 6 810 900 856
1805 2 2 0 6 814 900 861
1806 2 2 0 6 900 814 856
1807 2 2 0 6 900 810 861
1808 2 2 0 6 901 810 856
1809 2 2 0 6 901 815 862
1810 2 2 0 6 815 901 856
1811 2 2 0 6 810 901 862
1812 2 2 0 6 811 902 863
1813 2 2 0 6 826 902 872
1814 2 2 0 6 902 826 863
1815 2 2 0 6 902 811 872
1816 2 2 0 6 903 813 864
1817 2 2 0 6 903 827 873
1818 2 2 0 6 827 903 864
1819 2 2 0 6 813 903 873
1820 2 2 0 6 904 86 85
1821 2 2 0 6 904 822 857
1822 2 2 0 6 822 904 85
1823 2 2 0 6 86 904 857
1824 2 2 0 6 113 905 114
1825 2 2 0 6 825 905 858
1826 2 2 0 6 905 825 114
1827 2 2 0 6 905 113 858
1828 2 2 0 6 906 787 860
1829 2 2 0 6 906 828 863
1830 2 2 0 6 828 906 860
1831 2 2 0 6 787 906 863
1832 2 2 0 6 787 907 860
1833 2 2 0 6 829 907 864
1834 2 2 0 6 907 829 860
1835 2 2 0 6 907 787 864
1836 2 2 0 6 908 95 94
1837 2 2 0 6 908 823 859
1838 2 2 0 6 823 908 94
1839 2 2 0 6 95 908 859
1840 2 2 0 6 95 909 96
1841 2 2 0 6 824 909 859
1842 2 2 0 6 909 824 96
1843 2 2 0 6 909 95 859
1844 2 2 0 6 910 787 863
1845 2 2 0 6 910 826 865
1846 2 2 0 6 826 910 863
1847 2 2 0 6 787 910 865
1848 2 2 0 6 787 911 864
1849 2 2 0 6 827 911 865
1850 2 2 0 6 911 827 864
1851 2 2 0 6 911 787 865
1852 2 2 0 6 797 912 801
1853 2 2 0 6 912 797 793
1854 2 2 0 6 913 796 800
1855 2 2 0 6 796 913 792
1856 2 2 0 6 914 798 802
1857 2 2 0 6 798 914 794
1858 2 2 0 6 915 812 859
1859 2 2 0 6 915 823 882
1860 2 2 0 6 823 915 859
1861 2 2 0 6 812 915 882
1862 2 2 0 6 812 916 859
1863 2 2 0 6 824 916 883
1864 2 2 0 6 916 824 859
1865 2 2 0 6 916 812 883
1866 2 2 0 6 917 788 861
1867 2 2 0 6 917 826 872
1868 2 2 0 6 826 917 861
1869 2 2 0 6 788 917 872
1870 2 2 0 6 789 918 862
1871 2 2 0 6 827 918 873
1872 2 2 0 6 918 827 862
1873 2 2 0 6 918 789 873
1874 2 2 0 6 94 877 823
1875 2 2 0 6 878 96 824
1876 2 2 0 6 85 876 822
1877 2 2 0 6 879 114 825
1878 2 2 0 6 803 799 795
1879 2 2 0 6 86 870 87
1880 2 2 0 6 871 113 112
1881 2 2 0 6 32 868 31
1882 2 2 0 6 869 32 33
1883 2 2 0 6 845 795 817
1884 2 2 0 6 845 871 112
1885 2 2 0 6 817 871 845
1886 2 2 0 6 794 844 816
1887 2 2 0 6 870 844 87
1888 2 2 0 6 870 816 844
1889 2 2 0 6 792 842 814
1890 2 2 0 6 868 842 31
1891 2 2 0 6 868 814 842
1892 2 2 0 6 843 793 815
1893 2 2 0 6 843 869 33
1894 2 2 0 6 815 869 843
1895 2 2 0 6 804 851 832
1896 2 2 0 6 851 98 832
1897 2 2 0 6 795 845 841
1898 2 2 0 6 841 803 795
1899 2 2 0 6 874 790 886
1900 2 2 0 6 794 874 886
1901 2 2 0 6 791 875 887
1902 2 2 0 6 875 795 887
1903 2 2 0 6 842 792 838
1904 2 2 0 6 913 838 792
1905 2 2 0 6 838 913 800
1906 2 2 0 6 844 794 840
1907 2 2 0 6 914 840 794
1908 2 2 0 6 840 914 802
1909 2 2 0 6 793 843 839
1910 2 2 0 6 839 912 793
1911 2 2 0 6 912 839 801
1912 2 2 0 6 880 788 884
1913 2 2 0 6 792 880 884
1914 2 2 0 6 789 881 885
1915 2 2 0 6 881 793 885
1916 2 2 0 6 830 83 806
1917 2 2 0 6 853 830 806
1918 2 2 0 6 830 853 800
1919 2 2 0 6 831 92 808
1920 2 2 0 6 854 831 808
1921 2 2 0 6 831 854 802
1922 2 2 0 6 790 888 819
1923 2 2 0 6 877 819 888
1924 2 2 0 6 877 888 823
1925 2 2 0 6 889 791 820
1926 2 2 0 6 820 878 889
1927 2 2 0 6 889 878 824
1928 2 2 0 6 788 890 818
1929 2 2 0 6 876 818 890
1930 2 2 0 6 876 890 822
1931 2 2 0 6 891 789 821
1932 2 2 0 6 821 879 891
1933 2 2 0 6 891 879 825
1934 2 2 0 6 809 846 110
1935 2 2 0 6 804 846 809
1936 2 2 0 6 809 851 804
1937 2 2 0 6 32 919 868
1938 2 2 0 6 856 919 869
1939 2 2 0 6 919 856 868
1940 2 2 0 6 919 32 869
1941 2 2 0 6 920 33 34
1942 2 2 0 6 920 839 843
1943 2 2 0 6 839 920 34
1944 2 2 0 6 33 920 843
1945 2 2 0 6 87 921 88
1946 2 2 0 6 840 921 844
1947 2 2 0 6 921 840 88
1948 2 2 0 6 921 87 844
1949 2 2 0 6 31 922 30
1950 2 2 0 6 838 922 842
1951 2 2 0 6 922 838 30
1952 2 2 0 6 922 31 842
1953 2 2 0 6 923 112 111
1954 2 2 0 6 923 841 845
1955 2 2 0 6 841 923 111
1956 2 2 0 6 112 923 845
1957 2 2 0 6 839 34 35
1958 2 2 0 6 801 839 35
1959 2 2 0 6 88 840 89
1960 2 2 0 6 840 802 89
1961 2 2 0 6 30 838 29
1962 2 2 0 6 838 800 29
1963 2 2 0 6 848 93 92
1964 2 2 0 6 831 848 92
1965 2 2 0 6 847 84 83
1966 2 2 0 6 830 847 83
1967 2 2 0 6 850 852 115
1968 2 2 0 6 850 833 852
1969 2 2 0 6 849 98 97
1970 2 2 0 6 832 98 849
$EndElements
